3 0.4021 0.7739 0.0388 0.0694
3 0.2339 0.4117 0.0445 0.0887
3 0.1199 0.6883 0.0432 0.0787
3 0.1041 0.8179 0.0414 0.0664
3 0.2637 0.8681 0.0362 0.0772
3 0.1839 0.8129 0.0212 0.0378
3 0.0922 0.8796 0.0406 0.0494
3 0.4985 0.4869 0.0322 0.0617
3 0.5855 0.3985 0.052 0.0795
3 0.6865 0.4888 0.0344 0.0471
3 0.9634 0.1451 0.0476 0.0617
3 0.8582 0.5158 0.0445 0.0841
3 0.9921 0.6497 0.0159 0.0448
3 0.9837 0.6647 0.0326 0.0687
3 0.5615 0.762 0.0472 0.0841
3 0.6534 0.8927 0.045 0.0849
3 0.7758 0.7307 0.0375 0.0617
3 0.853 0.7191 0.0287 0.0448
3 0.8695 0.9892 0.0459 0.0216
3 0.7734 0.9792 0.0256 0.0417
3 0.6407 0.7739 0.0406 0.0741
3 0.7573 0.7461 0.0366 0.0741
3 0.7432 0.7623 0.0331 0.0617
3 0.7436 0.5775 0.0313 0.0563
3 0.6675 0.6397 0.0362 0.054
3 0.5474 0.9167 0.0472 0.0509
3 0.3552 0.1562 0.0304 0.0856
3 0.4336 0.0567 0.0304 0.0347
3 0.5527 0.1956 0.0207 0.0332
3 0.7061 0.2635 0.0304 0.0702
3 0.7427 0.0135 0.0234 0.027
