3 0.4894 0.0336 0.0635 0.0671
3 0.9136 0.5902 0.0467 0.0693
3 0.4121 0.8147 0.0471 0.0912
3 0.4418 0.6902 0.0476 0.1165
3 0.3389 0.499 0.0243 0.0216
3 0.3984 0.3984 0.0534 0.09
3 0.5619 0.5748 0.0542 0.0586
3 0.5615 0.6987 0.0428 0.0671
3 0.675 0.9093 0.0608 0.064
3 0.7694 0.8564 0.0512 0.0971
3 0.6144 0.878 0.041 0.0819
3 0.4321 0.9742 0.0326 0.0517
3 0.2348 0.8564 0.0331 0.0372
3 0.1666 0.961 0.0449 0.05
3 0.09 0.9706 0.0432 0.0588
3 0.0825 0.8484 0.0459 0.0579
3 0.0664 0.5505 0.0578 0.0778
3 0.1477 0.311 0.0432 0.0463
3 0.0593 0.2288 0.0287 0.0718
3 0.011 0.0262 0.022 0.0525
3 0.6892 0.1624 0.0459 0.061
3 0.8499 0.1048 0.0472 0.0679
3 0.7899 0.0169 0.0375 0.0338
3 0.9233 0.512 0.0582 0.1119
3 0.9919 0.5389 0.0163 0.0936
3 0.4773 0.4823 0.0243 0.0509
3 0.4817 0.2469 0.0445 0.0726
3 0.4438 0.2696 0.0437 0.0857
3 0.7147 0.3646 0.0379 0.0903
3 0.7249 0.4985 0.0344 0.0463
3 0.7485 0.5498 0.0304 0.0532
3 0.7903 0.547 0.0314 0.0511
3 0.8379 0.6121 0.0463 0.0906
3 0.8558 0.7688 0.0406 0.0392
3 0.8924 0.9221 0.0379 0.0617
