3 0.7004 0.4575 0.0287 0.091
3 0.5862 0.6427 0.0666 0.0895
3 0.5757 0.7769 0.0604 0.1358
3 0.4861 0.5691 0.0287 0.0579
3 0.4032 0.4573 0.049 0.0897
3 0.3402 0.5184 0.0243 0.0216
3 0.4328 0.7728 0.0401 0.115
3 0.4039 0.8939 0.037 0.1073
3 0.6058 0.9464 0.0441 0.0718
3 0.701 0.902 0.0661 0.1474
3 0.7703 0.8507 0.052 0.1134
3 0.8968 0.9285 0.0353 0.0656
3 0.8664 0.7348 0.0397 0.0891
3 0.8459 0.6604 0.0358 0.102
3 0.9738 0.5752 0.0525 0.1073
3 0.9272 0.4591 0.052 0.1852
3 0.8331 0.1343 0.0472 0.0679
3 0.7846 0.0467 0.0375 0.0671
3 0.7584 0.0134 0.0503 0.0268
3 0.7191 0.0405 0.0556 0.081
3 0.6958 0.1798 0.0503 0.0478
3 0.4894 0.0336 0.0635 0.0671
3 0.3611 0.0181 0.0494 0.0363
3 0.121 0.3372 0.0948 0.0679
3 0.0728 0.5023 0.0582 0.1435
3 0.0428 0.2426 0.0379 0.0595
3 0.0086 0.0143 0.0172 0.0285
3 0.0783 0.8275 0.0445 0.0548
3 0.1512 0.9279 0.0529 0.0733
3 0.2213 0.858 0.0406 0.0401
3 0.0818 0.9637 0.0489 0.0725
3 0.7143 0.5856 0.0362 0.0463
3 0.7359 0.6075 0.0317 0.0488
3 0.7815 0.5836 0.0349 0.0453
3 0.9136 0.5902 0.0467 0.0693
3 0.5804 0.1048 0.0445 0.1586
3 0.4859 0.3328 0.0441 0.076
3 0.4407 0.3438 0.0428 0.081
