3 0.5681 0.2176 0.0542 0.162
3 0.4929 0.0602 0.0503 0.1204
3 0.3768 0.1003 0.0657 0.1435
3 0.1074 0.3561 0.0895 0.0748
3 0.0721 0.4788 0.0551 0.1535
3 0.0324 0.2554 0.0295 0.0602
3 0.9303 0.434 0.0608 0.169
3 0.9718 0.6038 0.0511 0.1211
3 0.8514 0.7072 0.045 0.1011
3 0.879 0.7361 0.0384 0.091
3 0.591 0.6694 0.0622 0.0934
3 0.4943 0.664 0.0282 0.0563
3 0.2081 0.8372 0.0414 0.0864
3 0.4217 0.8507 0.041 0.1042
3 0.4023 0.5204 0.0525 0.0826
3 0.4903 0.4228 0.0582 0.088
3 0.7019 0.2068 0.0441 0.071
3 0.692 0.485 0.0287 0.0795
3 0.9153 0.6007 0.0432 0.0856
3 0.0716 0.8044 0.0419 0.0671
3 0.1356 0.9132 0.056 0.064
3 0.0796 0.924 0.0463 0.098
3 0.3953 0.9302 0.0463 0.0316
3 0.5836 0.811 0.0604 0.1358
3 0.7147 0.9178 0.0661 0.1474
3 0.7687 0.8565 0.0534 0.1373
3 0.6122 0.988 0.0322 0.0239
3 0.7086 0.6644 0.0282 0.0694
3 0.3393 0.5355 0.0243 0.0216
3 0.8986 0.9444 0.0309 0.0571
3 0.776 0.62 0.0335 0.0548
3 0.7793 0.0965 0.0375 0.0602
3 0.754 0.0517 0.0441 0.0448
3 0.8265 0.1605 0.0375 0.0772
3 0.5648 0.039 0.0538 0.0532
3 0.7209 0.1015 0.0459 0.0795
3 0.4464 0.3993 0.0278 0.0517
3 0.4237 0.4147 0.0344 0.0486
