3 0.9153 0.6007 0.0432 0.0856
3 0.7687 0.8565 0.0534 0.1373
3 0.3393 0.5355 0.0243 0.0216
3 0.6098 0.9695 0.037 0.061
3 0.7072 0.9045 0.0661 0.1474
3 0.9012 0.9387 0.0353 0.0656
3 0.8715 0.7359 0.0384 0.091
3 0.8485 0.6836 0.0481 0.1017
3 0.7809 0.6006 0.0335 0.0548
3 0.709 0.6303 0.0282 0.0694
3 0.7324 0.6373 0.0309 0.0525
3 0.7004 0.4575 0.0287 0.091
3 0.4861 0.3718 0.0534 0.0909
3 0.5791 0.16 0.0498 0.1611
3 0.6979 0.1904 0.0441 0.071
3 0.834 0.1526 0.0375 0.0772
3 0.7833 0.0663 0.0375 0.0602
3 0.7588 0.0231 0.0503 0.0463
3 0.7196 0.0667 0.0521 0.084
3 0.5637 0.0193 0.0437 0.0386
3 0.4914 0.0482 0.0569 0.0965
3 0.3796 0.0745 0.0687 0.1489
3 0.4019 0.4852 0.049 0.0897
3 0.5862 0.6427 0.0666 0.0895
3 0.5757 0.7769 0.0604 0.1358
3 0.4268 0.8136 0.0467 0.0994
3 0.4023 0.9178 0.0313 0.0795
3 0.1426 0.9212 0.0463 0.0801
3 0.0736 0.8078 0.0486 0.0788
3 0.0719 0.4845 0.0573 0.156
3 0.1153 0.3479 0.094 0.0754
3 0.0386 0.2504 0.0269 0.0702
3 0.4378 0.3758 0.0406 0.0679
3 0.9727 0.5953 0.0547 0.1242
3 0.0778 0.939 0.0392 0.1005
3 0.4923 0.6146 0.0234 0.0486
3 0.215 0.8398 0.0331 0.0842
3 0.9288 0.4498 0.0507 0.1713
