6 0.369 0.2933 0.1654 0.2639
6 0.7915 0.515 0.3425 0.2222
0 0.5611 0.3365 0.0513 0.047
0 0.6087 0.3146 0.0525 0.0566
0 0.6136 0.6298 0.0598 0.2041
0 0.7286 0.7901 0.0885 0.1442
0 0.8529 0.7041 0.199 0.1239
0 0.4939 0.9343 0.0855 0.1314
0 0.4042 0.8579 0.0952 0.0919
0 0.2869 0.8034 0.0818 0.0855
0 0.3443 0.7382 0.083 0.0726
0 0.3977 0.679 0.0751 0.0652
0 0.2897 0.5887 0.0519 0.0684
0 0.5162 0.2569 0.0702 0.0545
0 0.6041 0.2169 0.058 0.0556
0 0.641 0.1597 0.0611 0.0502
0 0.6749 0.1079 0.0507 0.0513
0 0.717 0.0609 0.0604 0.0684
0 0.6719 0.3413 0.0592 0.0502
0 0.7961 0.2666 0.0574 0.0524
0 0.8471 0.203 0.0604 0.0598
0 0.8813 0.1512 0.058 0.0524
0 0.9212 0.1138 0.0537 0.0588
0 0.8907 0.0347 0.0635 0.0481
0 0.8089 0.1047 0.0586 0.0427
0 0.5018 0.4498 0.0696 0.0491
6 0.2308 0.6576 0.1392 0.1036
