0 0.0317 0.1827 0.0452 0.094
0 0.2564 0.0641 0.0623 0.0919
0 0.3266 0.2559 0.1392 0.14
0 0.4225 0.2388 0.0745 0.0929
0 0.4347 0.3451 0.0305 0.0855
0 0.5403 0.1955 0.0562 0.0726
0 0.5284 0.2869 0.1081 0.0609
0 0.562 0.258 0.102 0.0972
0 0.2283 0.7089 0.0549 0.0481
0 0.3129 0.4498 0.13 0.0791
0 0.294 0.7179 0.047 0.0556
0 0.1013 0.4535 0.0379 0.0844
0 0.3513 0.7083 0.0348 0.0385
6 0.2555 0.5614 0.1838 0.3515
6 0.4948 0.6565 0.4316 0.4583
6 0.6074 0.8793 0.2772 0.2415
6 0.9188 0.8649 0.1624 0.1998
