9 0.0873 0.3734 0.1233 0.1763
9 0.2045 0.304 0.1404 0.1357
9 0.3223 0.4776 0.0684 0.1453
9 0.2579 0.5353 0.0763 0.1239
9 0.2555 0.7046 0.1203 0.1229
9 0.3553 0.8173 0.1233 0.1239
9 0.2894 0.9284 0.1624 0.1432
9 0.3657 0.6709 0.0977 0.1239
9 0.3996 0.5748 0.0812 0.1474
9 0.409 0.3777 0.0891 0.1699
9 0.4698 0.3798 0.0873 0.1165
9 0.453 0.492 0.138 0.1143
9 0.4792 0.5732 0.0659 0.0609
9 0.4719 0.6774 0.1221 0.1538
9 0.5287 0.6608 0.0965 0.14
9 0.6209 0.6731 0.1184 0.1453
9 0.7347 0.6063 0.1337 0.1571
9 0.8306 0.4407 0.152 0.1912
9 0.6371 0.4476 0.1313 0.1816
9 0.5421 0.3964 0.0488 0.1346
9 0.5861 0.3755 0.0696 0.1314
9 0.6654 0.3515 0.0952 0.1218
9 0.7143 0.2292 0.1184 0.1293
9 0.5897 0.1512 0.0403 0.1036
9 0.4951 0.1149 0.0403 0.1143
9 0.5241 0.0593 0.0385 0.0929
9 0.5549 0.0369 0.0549 0.0737
9 0.7604 0.0994 0.0958 0.1047
9 0.8193 0.0614 0.1062 0.1229
