0 0.2277 0.0817 0.2027 0.1421
0 0.3168 0.2393 0.177 0.1902
0 0.2036 0.2361 0.1447 0.1047
0 0.1654 0.3766 0.0379 0.1442
0 0.0531 0.5053 0.1062 0.141
0 0.0962 0.6506 0.1825 0.1538
0 0.1557 0.476 0.1099 0.0844
0 0.2402 0.5652 0.1154 0.0919
0 0.3019 0.6261 0.13 0.1966
0 0.1911 0.8072 0.1978 0.1036
0 0.1905 0.7415 0.0928 0.0684
0 0.0885 0.8002 0.0818 0.062
0 0.1013 0.8526 0.0916 0.0556
0 0.4197 0.6154 0.13 0.1111
0 0.3761 0.5139 0.1123 0.0876
0 0.3529 0.375 0.1355 0.1496
0 0.5818 0.1421 0.1758 0.094
0 0.656 0.1848 0.1667 0.265
0 0.6548 0.2484 0.2033 0.1998
0 0.7271 0.4204 0.199 0.2553
0 0.6386 0.7981 0.1734 0.188
0 0.5534 0.6015 0.0983 0.1303
0 0.5495 0.5363 0.1099 0.0833
0 0.5131 0.3766 0.1703 0.1015
0 0.6132 0.3996 0.1288 0.094
0 0.4499 0.4786 0.0891 0.156
0 0.471 0.2938 0.0812 0.1774
0 0.3752 0.3056 0.0897 0.1218
0 0.7665 0.1378 0.1337 0.1111
0 0.7405 0.0331 0.1099 0.0662
0 0.7979 0.5646 0.1038 0.1165
0 0.862 0.5929 0.0928 0.1282
0 0.8452 0.6784 0.0775 0.1453
0 0.9484 0.7965 0.1032 0.1314
0 0.9322 0.6191 0.0586 0.1165
0 0.9048 0.4968 0.0879 0.0983
0 0.7961 0.4754 0.1074 0.1004
0 0.656 0.5919 0.0543 0.2329
0 0.67 0.6811 0.069 0.0994
0 0.8541 0.2575 0.0672 0.1389
0 0.9432 0.2991 0.1136 0.1709
