0 0.5716 0.4235 0.3226 0.293
0 0.3914 0.5833 0.0304 0.033
0 0.1181 0.5146 0.0816 0.1087
0 0.2274 0.3553 0.0396 0.0458
0 0.2612 0.3532 0.0377 0.0415
0 0.3093 0.3548 0.0377 0.049
0 0.3357 0.3175 0.0384 0.0469
0 0.4012 0.2685 0.0548 0.0575
0 0.3951 0.3915 0.0414 0.0437
0 0.4313 0.3862 0.0396 0.0352
0 0.3832 0.4837 0.0347 0.0405
0 0.3409 0.5343 0.0524 0.0479
0 0.2925 0.5534 0.0298 0.033
0 0.4861 0.5449 0.0298 0.0309
0 0.4684 0.4996 0.0262 0.032
0 0.4085 0.5007 0.028 0.0213
0 0.28 0.5023 0.0365 0.0373
0 0.2316 0.4421 0.031 0.0384
0 0.2009 0.4352 0.0329 0.0266
0 0.2411 0.4927 0.0353 0.0437
0 0.2392 0.5247 0.045 0.0394
0 0.2432 0.5907 0.025 0.0394
0 0.2048 0.6009 0.0347 0.0298
