9 0.337 0.7537 0.1538 0.1485
9 0.2067 0.7062 0.1361 0.1645
9 0.1105 0.7463 0.1343 0.1207
9 0.1725 0.8868 0.1276 0.1303
9 0.0421 0.8531 0.0842 0.0929
9 0.0205 0.938 0.0409 0.094
9 0.0406 0.6373 0.0812 0.1271
9 0.0858 0.6506 0.0751 0.1026
9 0.0943 0.586 0.091 0.1079
9 0.1435 0.5171 0.1197 0.1261
9 0.2216 0.4503 0.0537 0.11
9 0.3001 0.3766 0.1581 0.1464
9 0.3193 0.5251 0.0891 0.1314
9 0.3031 0.438 0.0458 0.0726
9 0.3321 0.6197 0.1709 0.1624
9 0.5516 0.5844 0.0824 0.1432
9 0.6065 0.4845 0.1581 0.1442
9 0.6218 0.3846 0.1129 0.1261
9 0.5385 0.3371 0.0659 0.1421
9 0.449 0.1923 0.036 0.0919
9 0.3874 0.1229 0.0788 0.0962
9 0.1337 0.1485 0.0733 0.0769
9 0.0723 0.109 0.0641 0.0748
9 0.7201 0.2425 0.2167 0.156
9 0.7134 0.3381 0.058 0.1207
9 0.6157 0.1143 0.091 0.1303
9 0.6538 0.0422 0.0879 0.0759
9 0.7231 0.0299 0.0812 0.0598
9 0.9447 0.0983 0.1056 0.1688
