9 0.5574 0.4044 0.2161 0.2318
9 0.6905 0.3713 0.1062 0.1314
9 0.6093 0.2671 0.0537 0.1026
9 0.4728 0.0935 0.08 0.0929
9 0.369 0.1132 0.1313 0.1581
9 0.2231 0.0262 0.0531 0.0524
9 0.1285 0.5101 0.1374 0.1485
9 0.235 0.6084 0.1136 0.1613
9 0.1484 0.6432 0.0611 0.1154
9 0.1648 0.7863 0.0879 0.1154
9 0.2421 0.7452 0.1239 0.1357
9 0.3767 0.789 0.1258 0.1848
9 0.3779 0.5978 0.1221 0.1528
9 0.3574 0.4637 0.0678 0.109
9 0.2744 0.5048 0.0531 0.1015
9 0.2842 0.7927 0.0934 0.0919
9 0.3107 0.6693 0.0659 0.1036
9 0.4719 0.7682 0.1429 0.188
9 0.6517 0.7981 0.2607 0.2521
9 0.8736 0.4268 0.1856 0.2126
9 0.4686 0.5 0.1166 0.1389
9 0.4545 0.3734 0.1093 0.11
9 0.7701 0.0935 0.2192 0.187
9 0.6774 0.0331 0.0726 0.0662
9 0.8797 0.0481 0.0781 0.0962
