9 0.4411 0.7025 0.1667 0.1442
9 0.3135 0.711 0.1422 0.1677
9 0.2473 0.696 0.105 0.1207
9 0.2241 0.5454 0.0928 0.1699
9 0.1047 0.5726 0.0592 0.1282
9 0.0925 0.2783 0.0556 0.1784
9 0.2173 0.3675 0.0513 0.1325
9 0.3016 0.3018 0.0708 0.1421
9 0.3251 0.1747 0.0531 0.1165
9 0.3849 0.2821 0.0775 0.1368
9 0.3703 0.4476 0.1447 0.1218
9 0.4225 0.5764 0.1197 0.1378
9 0.4866 0.4498 0.0818 0.1603
9 0.4216 0.3787 0.0885 0.11
9 0.5296 0.3061 0.0934 0.1335
9 0.59 0.0513 0.1154 0.1026
9 0.7723 0.2703 0.0916 0.1453
9 0.8556 0.0673 0.1313 0.1346
9 0.6648 0.3814 0.1514 0.2073
9 0.7286 0.4797 0.0531 0.1752
9 0.5788 0.5171 0.0745 0.1603
9 0.6465 0.2179 0.0647 0.109
9 0.5864 0.3248 0.0812 0.1603
