9 0.4264 0.3702 0.069 0.1293
9 0.2103 0.5294 0.0934 0.1122
9 0.2793 0.7772 0.0641 0.1335
9 0.312 0.4947 0.0562 0.1517
9 0.5021 0.781 0.141 0.1517
9 0.6758 0.8269 0.105 0.1453
9 0.369 0.953 0.1215 0.094
9 0.431 0.8921 0.1306 0.1517
9 0.3651 0.5994 0.0501 0.1752
9 0.6877 0.4113 0.069 0.1325
9 0.5553 0.4744 0.0678 0.1517
9 0.587 0.0491 0.0519 0.0919
9 0.4719 0.0369 0.0611 0.0737
9 0.4621 0.5929 0.0733 0.1517
9 0.54 0.6106 0.0519 0.11
9 0.6007 0.6287 0.0427 0.0951
9 0.6874 0.4909 0.0464 0.0737
9 0.8007 0.3066 0.1081 0.1218
9 0.9295 0.4065 0.141 0.1592
9 0.7381 0.3734 0.0549 0.1058
9 0.7628 0.195 0.0495 0.0887
9 0.6658 0.2046 0.0507 0.1165
9 0.6142 0.4696 0.0403 0.1485
9 0.5009 0.5459 0.0421 0.1197
