0 0.0467 0.2115 0.0873 0.0855
0 0.0891 0.0924 0.0977 0.125
0 0.1322 0.1795 0.0897 0.0641
0 0.1853 0.1378 0.0678 0.0491
0 0.2225 0.0753 0.0678 0.1165
0 0.2082 0.0411 0.0549 0.0823
0 0.6282 0.4979 0.0586 0.0598
0 0.4188 0.4776 0.072 0.0662
0 0.4805 0.5614 0.0842 0.0673
0 0.2946 0.7927 0.0653 0.0726
0 0.2424 0.7041 0.0562 0.062
0 0.1255 0.5791 0.0824 0.0684
0 0.2173 0.5791 0.0745 0.0726
0 0.3065 0.3098 0.0549 0.1517
0 0.2476 0.1741 0.0446 0.1581
0 0.2903 0.1432 0.0311 0.1603
0 0.2537 0.2767 0.0751 0.1068
0 0.1636 0.3771 0.0867 0.1004
0 0.0311 0.3285 0.0623 0.063
0 0.1215 0.6645 0.0598 0.0641
0 0.1832 0.6843 0.0549 0.063
0 0.3046 0.4802 0.0672 0.063
0 0.3987 0.3921 0.0598 0.1261
0 0.3452 0.1939 0.0556 0.0759
0 0.4002 0.0443 0.0861 0.0588
0 0.4048 0.1715 0.0586 0.1549
0 0.4896 0.258 0.0965 0.0972
0 0.587 0.2698 0.08 0.1335
0 0.5098 0.3595 0.0806 0.1122
0 0.5501 0.4161 0.0733 0.1058
0 0.5806 0.6234 0.0757 0.0524
0 0.5085 0.6902 0.0891 0.0662
0 0.3431 0.6325 0.0525 0.0513
0 0.2769 0.6116 0.0629 0.0887
0 0.0864 0.766 0.0678 0.0491
0 0.1526 0.8104 0.0537 0.0481
0 0.1062 0.8146 0.0464 0.0374
0 0.1749 0.8611 0.0556 0.0513
0 0.1386 0.8969 0.0611 0.0438
0 0.3394 0.5411 0.0647 0.0844
0 0.3657 0.4156 0.0781 0.047
0 0.4341 0.367 0.0659 0.0951
0 0.6459 0.4028 0.0537 0.0385
0 0.6633 0.445 0.0629 0.0395
0 0.6114 0.4466 0.0482 0.047
0 0.5394 0.5166 0.0653 0.0673
0 0.5946 0.5358 0.0427 0.063
0 0.5345 0.5705 0.0604 0.0748
0 0.4365 0.6426 0.0525 0.0545
0 0.2857 0.6928 0.0525 0.031
0 0.315 0.7126 0.0488 0.0321
0 0.1615 0.7292 0.0421 0.0459
0 0.1596 0.2938 0.0446 0.0491
0 0.605 0.0379 0.0672 0.0353
0 0.5809 0.1448 0.0421 0.0972
0 0.5659 0.1421 0.0513 0.0833
0 0.6444 0.0876 0.0336 0.0577
0 0.6206 0.1314 0.0458 0.0641
0 0.6658 0.2105 0.0629 0.0406
0 0.6606 0.2666 0.0415 0.0694
0 0.7143 0.2575 0.0598 0.0427
0 0.6691 0.3333 0.0562 0.0385
0 0.6514 0.3632 0.0562 0.047
0 0.4808 0.0716 0.0885 0.0577
0 0.4881 0.1784 0.0849 0.094
0 0.5067 0.1165 0.0549 0.1197
0 0.4585 0.109 0.0659 0.0983
0 0.4249 0.2447 0.0672 0.1111
0 0.3581 0.2965 0.0788 0.0438
