0 0.1129 0.1384 0.1087 0.0972
0 0.0342 0.102 0.0684 0.0566
0 0.0305 0.0321 0.0611 0.0598
0 0.1862 0.0588 0.0928 0.0662
0 0.1074 0.0294 0.0891 0.0459
0 0.3053 0.0636 0.094 0.0652
0 0.2018 0.102 0.0824 0.078
0 0.2076 0.2206 0.0842 0.0566
0 0.1716 0.2975 0.0635 0.0545
0 0.2097 0.3007 0.0726 0.0673
0 0.1551 0.3173 0.0672 0.0534
0 0.1267 0.3659 0.0934 0.0694
0 0.0742 0.4054 0.0665 0.063
0 0.2421 0.3868 0.0665 0.0598
0 0.2824 0.3916 0.069 0.0395
0 0.2891 0.3162 0.0348 0.0726
0 0.2393 0.3339 0.0647 0.0524
0 0.2466 0.2623 0.0659 0.0694
0 0.2985 0.2126 0.0586 0.0812
0 0.2253 0.015 0.0537 0.0299
0 0.2277 0.0438 0.0366 0.0363
0 0.4084 0.078 0.0708 0.1346
0 0.3645 0.2313 0.0659 0.1271
0 0.3257 0.2874 0.0665 0.0556
0 0.1679 0.5694 0.0476 0.0684
0 0.1893 0.4071 0.0488 0.0406
0 0.3242 0.5278 0.0769 0.0769
0 0.4322 0.4995 0.0672 0.0545
0 0.3556 0.3835 0.0739 0.0962
0 0.413 0.3809 0.0629 0.0951
0 0.4505 0.3168 0.0696 0.0972
0 0.4915 0.2254 0.0891 0.0876
0 0.4264 0.1976 0.0592 0.1197
0 0.547 0.1149 0.0427 0.1549
0 0.5037 0.1245 0.0879 0.0609
0 0.6169 0.0561 0.0665 0.1122
0 0.6587 0.1015 0.0989 0.0491
0 0.7091 0.2035 0.091 0.0545
0 0.6505 0.2372 0.0385 0.1688
0 0.6587 0.3627 0.094 0.0844
0 0.7219 0.3713 0.0873 0.0823
0 0.7769 0.4033 0.1007 0.0694
0 0.6914 0.4615 0.091 0.0449
0 0.5635 0.4594 0.105 0.0812
0 0.6777 0.4984 0.0806 0.0737
0 0.7482 0.5572 0.08 0.0395
0 0.819 0.6891 0.1117 0.0662
0 0.7228 0.8029 0.1441 0.0737
0 0.5559 0.6939 0.0934 0.063
0 0.6032 0.7276 0.0842 0.0534
0 0.3742 0.7804 0.0684 0.0566
0 0.4295 0.6822 0.0531 0.1271
0 0.4679 0.7025 0.069 0.0652
0 0.3736 0.6293 0.0708 0.0812
0 0.3458 0.5721 0.0751 0.1421
0 0.4087 0.5604 0.0604 0.0438
0 0.489 0.5134 0.0537 0.0566
0 0.4603 0.4252 0.0598 0.0855
0 0.5162 0.3841 0.0678 0.1229
0 0.5815 0.3611 0.0617 0.1688
0 0.5693 0.235 0.0653 0.1154
0 0.7579 0.031 0.1117 0.062
0 0.8111 0.078 0.1044 0.1282
0 0.7732 0.2842 0.1142 0.0876
0 0.7415 0.6384 0.1117 0.0652
0 0.6267 0.5892 0.1056 0.0759
0 0.2311 0.7751 0.0946 0.0801
0 0.1236 0.8253 0.0788 0.1229
0 0.1664 0.7837 0.0568 0.0844
0 0.2228 0.8296 0.0647 0.0759
0 0.2573 0.8745 0.0849 0.1165
0 0.3236 0.7201 0.0513 0.0385
0 0.3672 0.7217 0.069 0.0588
0 0.4869 0.7612 0.0812 0.0502
0 0.4713 0.813 0.0635 0.0491
0 0.2601 0.539 0.0659 0.0759
0 0.2906 0.4407 0.0708 0.0502
0 0.3886 0.1458 0.069 0.0865
0 0.2546 0.7201 0.0549 0.0641
0 0.2118 0.6197 0.0806 0.0662
0 0.1716 0.6619 0.0708 0.0908
0 0.1078 0.7158 0.069 0.047
0 0.0415 0.7585 0.0427 0.0342
0 0.1798 0.8723 0.0433 0.0566
0 0.3468 0.8835 0.0464 0.0641
0 0.3181 0.7778 0.044 0.0812
