9 0.8721 0.5449 0.13 0.1902
9 0.8404 0.3339 0.0812 0.1635
9 0.7091 0.3365 0.13 0.1859
9 0.7073 0.1106 0.1117 0.1613
9 0.5983 0.1442 0.0757 0.1645
9 0.601 0.2676 0.102 0.1357
9 0.5321 0.3178 0.0971 0.1421
9 0.4512 0.2495 0.0989 0.1271
9 0.355 0.2585 0.1557 0.141
9 0.2894 0.2099 0.0549 0.1271
9 0.2073 0.3462 0.0922 0.1389
9 0.1951 0.4327 0.1056 0.1218
9 0.2567 0.4514 0.1142 0.1485
9 0.3101 0.5005 0.1245 0.1592
9 0.4124 0.5256 0.1044 0.1346
9 0.3968 0.3713 0.094 0.1207
9 0.4554 0.3499 0.1184 0.11
9 0.4954 0.4674 0.0934 0.1763
9 0.5791 0.4658 0.1093 0.1624
9 0.4658 0.5839 0.0476 0.1058
9 0.4893 0.6485 0.1569 0.1282
9 0.3663 0.7035 0.1282 0.14
9 0.2173 0.6351 0.1221 0.1506
9 0.1273 0.5646 0.0714 0.1229
9 0.2723 0.6725 0.1184 0.1485
