0 0.536 0.6902 0.1136 0.1389
0 0.4301 0.641 0.0849 0.1303
0 0.3315 0.6074 0.1673 0.2468
0 0.2534 0.3499 0.1294 0.1165
0 0.2518 0.2163 0.1288 0.1293
0 0.319 0.2099 0.1129 0.1442
0 0.3086 0.0588 0.0922 0.1175
0 0.2231 0.0353 0.0629 0.0705
0 0.0577 0.3542 0.0946 0.1122
0 0.1203 0.4081 0.0977 0.1239
0 0.1279 0.562 0.1325 0.1197
0 0.0485 0.5342 0.0641 0.0876
0 0.2146 0.492 0.058 0.1186
0 0.2692 0.4818 0.0928 0.0983
0 0.1685 0.4674 0.0928 0.0759
0 0.203 0.3857 0.1129 0.141
0 0.2955 0.4215 0.1136 0.0908
0 0.4579 0.3189 0.0806 0.2169
0 0.5778 0.0817 0.2302 0.1635
0 0.7946 0.1538 0.2021 0.1944
0 0.6364 0.2014 0.0678 0.1015
0 0.5604 0.2772 0.1099 0.1357
0 0.4731 0.4936 0.116 0.1731
0 0.5531 0.5337 0.0733 0.0951
0 0.6603 0.5929 0.1178 0.1239
0 0.7015 0.6757 0.2002 0.1592
0 0.7863 0.7783 0.2283 0.1314
0 0.5772 0.8953 0.1252 0.1325
0 0.388 0.7788 0.1862 0.1111
0 0.1126 0.7778 0.1215 0.1282
0 0.2262 0.8814 0.1654 0.0962
0 0.4185 0.914 0.1947 0.1528
0 0.7616 0.929 0.1398 0.1421
0 0.8785 0.8851 0.1001 0.1122
0 0.6883 0.3766 0.2485 0.1912
0 0.8907 0.3446 0.2076 0.2062
0 0.9377 0.1223 0.0891 0.1485
0 0.7824 0.0385 0.0775 0.0769
0 0.8678 0.2158 0.0397 0.1688
0 0.8422 0.5566 0.058 0.0748
0 0.8532 0.6229 0.0543 0.0897
0 0.707 0.515 0.0659 0.0748
0 0.6929 0.4578 0.1233 0.0972
0 0.9264 0.4712 0.1325 0.1068
