0 0.2708 0.0994 0.0702 0.1368
0 0.1862 0.149 0.0623 0.0609
0 0.0803 0.1197 0.0543 0.062
0 0.0867 0.1517 0.0513 0.0449
0 0.022 0.1854 0.044 0.0481
0 0.04 0.2308 0.0604 0.0577
0 0.0284 0.2858 0.0568 0.0652
0 0.1187 0.304 0.0433 0.1015
0 0.0476 0.6095 0.0745 0.0951
0 0.1035 0.5913 0.0604 0.0545
0 0.1484 0.5881 0.0476 0.0673
0 0.0714 0.6838 0.0574 0.062
0 0.1618 0.6816 0.0635 0.0684
0 0.1117 0.7308 0.0611 0.0363
0 0.1502 0.7185 0.0403 0.0481
0 0.1493 0.7489 0.025 0.0385
0 0.1712 0.7644 0.0336 0.031
0 0.1697 0.7949 0.0513 0.0363
0 0.192 0.8216 0.0409 0.0491
0 0.1139 0.8146 0.0507 0.0417
0 0.0867 0.8269 0.0415 0.0406
0 0.0992 0.8782 0.0397 0.0556
0 0.2546 0.5507 0.0745 0.0801
0 0.2466 0.6255 0.0501 0.0673
0 0.1914 0.4856 0.0678 0.0716
0 0.2445 0.4151 0.0726 0.0673
0 0.1944 0.2703 0.08 0.0726
0 0.2555 0.2601 0.0775 0.0908
0 0.3425 0.2142 0.0647 0.0438
0 0.3141 0.2943 0.0592 0.0374
0 0.3352 0.3296 0.0867 0.0588
0 0.3098 0.4028 0.058 0.0705
0 0.3712 0.414 0.0611 0.0545
0 0.4368 0.4493 0.0934 0.0737
0 0.5794 0.4215 0.0977 0.0759
0 0.6722 0.4888 0.105 0.078
0 0.5748 0.5438 0.0702 0.062
0 0.493 0.562 0.0495 0.0726
0 0.5092 0.5144 0.0476 0.0929
0 0.5201 0.4856 0.0488 0.063
0 0.4881 0.446 0.047 0.0588
0 0.489 0.4151 0.0574 0.0545
0 0.4768 0.3739 0.0464 0.0705
0 0.4741 0.336 0.0495 0.0652
0 0.4679 0.2666 0.069 0.1079
0 0.4118 0.312 0.0641 0.0791
0 0.406 0.3483 0.0623 0.0449
0 0.369 0.2628 0.0592 0.0662
0 0.2521 0.0994 0.0598 0.0363
0 0.348 0.1197 0.0757 0.0791
0 0.3535 0.1597 0.0635 0.0716
0 0.3956 0.2265 0.0549 0.0363
0 0.4255 0.2452 0.0586 0.0459
0 0.5253 0.2228 0.0824 0.0545
0 0.5504 0.1704 0.0897 0.0716
0 0.4857 0.1934 0.0617 0.0748
0 0.4548 0.1458 0.0342 0.078
0 0.4676 0.1186 0.0464 0.0556
0 0.4023 0.1357 0.0525 0.0363
0 0.3916 0.1597 0.0543 0.0459
0 0.3919 0.0518 0.0891 0.0588
0 0.4686 0.0358 0.047 0.0673
0 0.5607 0.1004 0.0592 0.0748
0 0.6288 0.0278 0.1111 0.0556
0 0.5437 0.0465 0.058 0.0694
0 0.5092 0.0812 0.0415 0.0791
0 0.5424 0.1036 0.036 0.0491
0 0.504 0.0192 0.0409 0.0385
0 0.4115 0.0871 0.0501 0.0588
0 0.369 0.1026 0.0543 0.0363
0 0.3135 0.0614 0.0653 0.0417
0 0.301 0.0251 0.0647 0.0481
0 0.5754 0.5096 0.0495 0.0577
0 0.5842 0.5871 0.0647 0.0524
0 0.7082 0.68 0.0488 0.0545
0 0.6523 0.6522 0.0629 0.0524
0 0.7347 0.7431 0.0556 0.0459
0 0.5965 0.7142 0.0586 0.0459
0 0.5952 0.6816 0.0488 0.0491
0 0.5379 0.304 0.0501 0.0865
0 0.5784 0.328 0.036 0.0534
0 0.6169 0.3558 0.0556 0.0534
0 0.5607 0.3691 0.0507 0.063
0 0.5241 0.351 0.0519 0.0545
0 0.627 0.2078 0.033 0.0609
0 0.221 0.0481 0.0269 0.0278
