0 0.3828 0.4284 0.1221 0.1004
0 0.2705 0.3643 0.1111 0.1026
0 0.1752 0.4022 0.1343 0.1079
0 0.1035 0.1287 0.1007 0.0737
0 0.3321 0.1165 0.1453 0.2115
0 0.4298 0.0785 0.0965 0.1571
0 0.7411 0.0812 0.2247 0.1624
0 0.7491 0.1688 0.116 0.062
0 0.5818 0.3499 0.072 0.0801
0 0.7549 0.2895 0.1569 0.1966
0 0.8907 0.2238 0.2125 0.1741
0 0.909 0.2975 0.0781 0.0801
0 0.8965 0.4872 0.0617 0.0791
0 0.8153 0.5224 0.1215 0.0812
0 0.9051 0.5929 0.1899 0.1838
0 0.942 0.438 0.0452 0.0833
0 0.7824 0.7767 0.1032 0.0983
0 0.7695 0.6074 0.0849 0.0929
0 0.6691 0.7078 0.1685 0.219
0 0.5668 0.6186 0.1935 0.265
0 0.7103 0.4284 0.0971 0.1175
0 0.5668 0.4663 0.1068 0.0908
0 0.5208 0.4038 0.116 0.0962
0 0.6325 0.3643 0.0977 0.0812
0 0.7964 0.4455 0.069 0.0748
0 0.7219 0.5406 0.0946 0.0662
0 0.4475 0.6346 0.1526 0.0876
0 0.5046 0.758 0.1422 0.0844
0 0.4463 0.8397 0.1392 0.1026
0 0.3678 0.804 0.0568 0.1421
0 0.2747 0.7788 0.1099 0.1517
0 0.3101 0.6074 0.1416 0.2703
0 0.2692 0.5267 0.1013 0.109
0 0.362 0.6052 0.0635 0.078
0 0.2005 0.5588 0.1154 0.2115
0 0.1258 0.5481 0.1038 0.1111
0 0.065 0.5037 0.0482 0.0524
0 0.0867 0.6357 0.1221 0.1368
0 0.1056 0.5812 0.0989 0.0705
0 0.1377 0.765 0.1166 0.1132
0 0.1071 0.8339 0.1142 0.078
0 0.145 0.9012 0.1032 0.0652
0 0.3077 0.8595 0.1074 0.1122
0 0.1856 0.9642 0.105 0.0716
0 0.0406 0.9685 0.0812 0.063
0 0.5067 0.9615 0.1734 0.0769
0 0.6557 0.8082 0.149 0.1058
0 0.8721 0.6928 0.0653 0.0929
0 0.938 0.6335 0.0763 0.0983
