0 0.5211 0.342 0.2837 0.2834
0 0.266 0.4096 0.0767 0.1332
0 0.2402 0.4128 0.0371 0.0479
0 0.105 0.4751 0.1065 0.1087
0 0.2529 0.8857 0.0797 0.2287
0 0.2432 0.9167 0.0481 0.0501
0 0.3497 0.937 0.0615 0.1055
0 0.2873 0.7202 0.0487 0.0447
0 0.3059 0.6935 0.0408 0.0575
0 0.0849 0.8848 0.0505 0.146
0 0.4651 0.6349 0.1023 0.2109
0 0.4057 0.5843 0.0396 0.0522
0 0.4286 0.5625 0.0341 0.0341
0 0.4882 0.9753 0.0536 0.0479
0 0.4724 0.9045 0.0402 0.0554
0 0.4088 0.8991 0.0603 0.13
0 0.6103 0.8789 0.0396 0.0384
0 0.732 0.8187 0.0359 0.0373
0 0.8097 0.5188 0.0524 0.0511
0 0.6839 0.4528 0.0323 0.0426
0 0.7728 0.6291 0.0432 0.0415
0 0.5534 0.5939 0.0256 0.0437
0 0.7247 0.7452 0.0298 0.0501
0 0.8654 0.8043 0.0384 0.0447
0 0.7327 0.5827 0.0384 0.0447
