0 0.5138 0.9039 0.0536 0.0479
0 0.4578 0.7638 0.0584 0.0746
0 0.4207 0.636 0.0524 0.049
0 0.2718 0.4565 0.0895 0.1268
0 0.2739 0.4592 0.067 0.0447
0 0.3899 0.5108 0.0505 0.0629
0 0.5448 0.3649 0.3677 0.2759
0 0.8714 0.896 0.0591 0.0447
0 0.9007 0.4581 0.0651 0.0618
0 0.7996 0.4954 0.0469 0.0469
0 0.7643 0.8129 0.0432 0.049
0 0.5704 0.8965 0.045 0.0394
0 0.2916 0.6445 0.0487 0.0447
0 0.0444 0.709 0.0597 0.0479
0 0.3756 0.7644 0.0292 0.0565
0 0.5345 0.815 0.0365 0.0447
0 0.5573 0.791 0.0298 0.065
0 0.1379 0.5066 0.0773 0.1012
