0 0.2009 0.3484 0.0341 0.0384
0 0.2362 0.302 0.0377 0.0415
0 0.2453 0.3297 0.0414 0.0394
0 0.3793 0.383 0.0414 0.0437
0 0.5001 0.3233 0.0627 0.0501
0 0.466 0.4224 0.0347 0.0394
0 0.4955 0.4192 0.0292 0.0309
0 0.4898 0.521 0.0262 0.032
0 0.5378 0.5566 0.0298 0.0309
0 0.4334 0.5625 0.0353 0.0384
0 0.4353 0.6094 0.0329 0.0341
0 0.4036 0.612 0.0317 0.0565
0 0.3348 0.5993 0.0402 0.0394
0 0.3114 0.5311 0.0298 0.033
0 0.2831 0.5673 0.0365 0.0373
0 0.2131 0.5449 0.045 0.0394
0 0.2529 0.4027 0.0444 0.049
0 0.2207 0.4869 0.031 0.0384
0 0.2058 0.464 0.0353 0.033
0 0.1549 0.5455 0.0749 0.1342
0 0.1915 0.5151 0.0396 0.0479
0 0.2517 0.611 0.025 0.0394
0 0.2426 0.6403 0.0274 0.032
0 0.554 0.3995 0.3567 0.2663
