9 0.667 0.7927 0.0665 0.2051
9 0.8129 0.5812 0.1264 0.1496
9 0.9112 0.367 0.1496 0.2019
9 0.9588 0.1287 0.0788 0.1058
9 0.7189 0.1725 0.0556 0.1079
9 0.6194 0.1068 0.058 0.1218
9 0.373 0.3307 0.0549 0.1335
9 0.2985 0.3232 0.0598 0.1677
9 0.1563 0.305 0.1172 0.1207
9 0.2531 0.516 0.047 0.1645
9 0.2842 0.6848 0.0617 0.1517
9 0.3971 0.6394 0.0495 0.1314
9 0.3419 0.7073 0.1111 0.1111
9 0.3953 0.8098 0.1068 0.1453
9 0.4408 0.7511 0.1026 0.1239
9 0.5366 0.6859 0.0562 0.1282
9 0.4875 0.6287 0.0348 0.1378
9 0.4203 0.5347 0.0739 0.1506
9 0.4658 0.5625 0.0452 0.1464
9 0.5174 0.5214 0.0629 0.1517
9 0.5345 0.6084 0.0421 0.0844
9 0.4783 0.4215 0.0348 0.1442
9 0.5534 0.4439 0.0592 0.1357
9 0.6114 0.6287 0.0446 0.1186
9 0.631 0.5123 0.0641 0.1421
9 0.6248 0.3851 0.0385 0.1506
9 0.6691 0.4001 0.0501 0.1229
9 0.7073 0.4332 0.036 0.1314
9 0.7231 0.328 0.0788 0.1325
9 0.7643 0.3841 0.0733 0.1335
9 0.8428 0.3077 0.0604 0.0876
