0 0.0342 0.1378 0.0684 0.062
0 0.0562 0.0972 0.0965 0.1175
0 0.1285 0.2644 0.0763 0.0694
0 0.2234 0.3985 0.0574 0.1453
0 0.3782 0.3873 0.0726 0.1293
0 0.5574 0.1848 0.0525 0.1902
0 0.5098 0.1747 0.0623 0.0694
0 0.464 0.102 0.0611 0.0929
0 0.5208 0.0502 0.0501 0.1004
0 0.352 0.1132 0.0714 0.1047
0 0.3089 0.102 0.0598 0.1058
0 0.3547 0.0374 0.0501 0.0748
0 0.217 0.0475 0.0726 0.0951
0 0.1737 0.1998 0.0495 0.1453
0 0.083 0.351 0.0879 0.0737
0 0.0314 0.3013 0.0629 0.0577
0 0.0266 0.2537 0.0531 0.0374
0 0.178 0.6266 0.0665 0.0716
0 0.1126 0.6528 0.0495 0.0684
0 0.1508 0.7778 0.0611 0.0342
0 0.2036 0.8045 0.0556 0.047
0 0.2225 0.8536 0.0678 0.0534
0 0.1749 0.8921 0.047 0.0556
0 0.065 0.8894 0.0531 0.0417
0 0.0592 0.9487 0.0574 0.0556
0 0.0388 0.844 0.0592 0.0534
0 0.0372 0.7869 0.0501 0.0524
0 0.2256 0.6976 0.0629 0.0833
0 0.2265 0.6351 0.0549 0.0673
0 0.2671 0.5091 0.0604 0.1442
0 0.2323 0.4792 0.0653 0.0801
0 0.3623 0.5096 0.0775 0.109
0 0.2949 0.3301 0.0281 0.1474
0 0.4151 0.2863 0.0916 0.094
0 0.5205 0.3243 0.0714 0.0887
0 0.5919 0.4957 0.0775 0.1389
0 0.5342 0.4044 0.0501 0.1485
0 0.4707 0.4455 0.0672 0.1325
0 0.4512 0.3745 0.0635 0.0929
0 0.485 0.6464 0.0519 0.0726
0 0.4338 0.727 0.0946 0.0566
0 0.4173 0.6351 0.0702 0.0652
0 0.4063 0.563 0.0849 0.1218
0 0.3114 0.5972 0.0623 0.0812
0 0.304 0.6533 0.0562 0.0438
0 0.3333 0.6725 0.0562 0.0609
0 0.2753 0.6939 0.0611 0.0588
0 0.6297 0.1886 0.0507 0.0929
0 0.5998 0.1554 0.0641 0.063
0 0.5675 0.0855 0.0604 0.0662
0 0.5876 0.0358 0.0629 0.0545
0 0.627 0.0791 0.0391 0.0449
0 0.6893 0.2788 0.0317 0.1026
0 0.6215 0.2756 0.0598 0.0513
0 0.6102 0.3798 0.0495 0.0417
0 0.678 0.4487 0.0629 0.0342
0 0.6902 0.477 0.0446 0.0417
0 0.6993 0.367 0.0556 0.0652
0 0.649 0.3413 0.0379 0.0609
0 0.2005 0.305 0.0372 0.0502
0 0.2418 0.1554 0.0708 0.0972
0 0.2427 0.2399 0.0287 0.0951
0 0.2845 0.2356 0.0427 0.0716
0 0.341 0.1955 0.0556 0.0598
0 0.4096 0.1464 0.0623 0.1432
0 0.4573 0.1987 0.0232 0.0449
0 0.3254 0.2564 0.0708 0.0748
0 0.3175 0.3243 0.0781 0.0588
0 0.2503 0.9589 0.0501 0.0716
