0 0.4768 0.3627 0.1026 0.1528
0 0.2875 0.1485 0.1306 0.265
0 0.149 0.0465 0.1368 0.0929
0 0.1889 0.2377 0.1264 0.1784
0 0.1401 0.3237 0.13 0.2735
0 0.0513 0.429 0.1026 0.1079
0 0.0388 0.5353 0.0775 0.0812
0 0.0919 0.6015 0.1386 0.1389
0 0.2842 0.5256 0.1606 0.235
0 0.2161 0.4899 0.0684 0.1122
0 0.2592 0.4605 0.1252 0.0833
0 0.4176 0.0919 0.0928 0.1816
0 0.1871 0.0732 0.08 0.078
0 0.5504 0.0844 0.1227 0.1688
0 0.6148 0.2206 0.1612 0.2639
0 0.5198 0.3178 0.0714 0.1122
0 0.5418 0.4343 0.0751 0.1036
0 0.5061 0.5566 0.1331 0.1047
0 0.3791 0.578 0.1099 0.1603
0 0.3391 0.5369 0.0812 0.0801
0 0.1871 0.7698 0.0958 0.0694
0 0.1426 0.7078 0.1007 0.0887
0 0.297 0.7596 0.119 0.1047
0 0.413 0.735 0.0946 0.1175
0 0.2531 0.867 0.0824 0.1015
0 0.1416 0.8798 0.0965 0.1165
0 0.2057 0.9327 0.1209 0.1154
0 0.547 0.9188 0.0696 0.109
0 0.4017 0.9701 0.0537 0.0598
0 0.4817 0.7543 0.1319 0.0833
0 0.4783 0.6693 0.119 0.0865
0 0.5726 0.6939 0.1551 0.1079
0 0.7094 0.6859 0.1319 0.1432
0 0.8675 0.6757 0.2186 0.1464
0 0.7918 0.8777 0.1013 0.1015
0 0.9435 0.8761 0.1129 0.1218
0 0.8278 0.2302 0.2491 0.1464
0 0.8553 0.0951 0.0916 0.1902
0 0.6938 0.0417 0.102 0.0833
0 0.6349 0.0737 0.0818 0.0962
0 0.9634 0.1063 0.0733 0.0994
0 0.9573 0.0491 0.083 0.0962
0 0.808 0.321 0.0641 0.0694
0 0.8126 0.3568 0.1221 0.1175
0 0.9341 0.4209 0.1319 0.1239
0 0.8129 0.4476 0.1752 0.1368
0 0.87 0.5288 0.1233 0.0726
0 0.8874 0.5817 0.0836 0.0694
0 0.7469 0.5689 0.1081 0.078
0 0.6453 0.5433 0.105 0.0908
0 0.6929 0.5059 0.1258 0.0801
0 0.7143 0.4679 0.1172 0.0983
0 0.6682 0.3766 0.0543 0.063
0 0.6703 0.2607 0.0513 0.1325
