9 0.4112 0.6368 0.1044 0.1432
9 0.4991 0.4786 0.1142 0.1453
9 0.6828 0.4824 0.1154 0.1293
9 0.7442 0.2986 0.0989 0.125
9 0.79 0.2345 0.0916 0.1271
9 0.4655 0.0764 0.0775 0.0972
9 0.5049 0.1122 0.0904 0.0812
9 0.4148 0.2463 0.0604 0.0972
9 0.4402 0.3654 0.1575 0.1004
9 0.3049 0.4936 0.1154 0.1389
9 0.381 0.5491 0.105 0.1154
9 0.2869 0.6998 0.0659 0.1282
9 0.1694 0.4087 0.1459 0.1186
9 0.2466 0.3611 0.0928 0.1175
9 0.0977 0.5069 0.0781 0.1506
9 0.0443 0.6149 0.0885 0.1036
9 0.1255 0.7153 0.1447 0.1293
9 0.1886 0.6063 0.0928 0.0929
9 0.2183 0.5112 0.1215 0.1058
9 0.9649 0.1052 0.069 0.1165
9 0.9179 0.0385 0.0958 0.0769
