9 0.1642 0.4071 0.1013 0.1667
9 0.0675 0.3253 0.0824 0.2019
9 0.4652 0.5454 0.1355 0.1464
9 0.3752 0.648 0.1068 0.1677
9 0.2958 0.5358 0.0665 0.1229
9 0.4389 0.36 0.1087 0.1624
9 0.5278 0.4241 0.0714 0.1111
9 0.5916 0.4573 0.0513 0.1303
9 0.6441 0.4418 0.0513 0.1293
9 0.6703 0.3649 0.0794 0.1528
9 0.6728 0.2249 0.1038 0.1271
9 0.6105 0.0753 0.0415 0.1293
9 0.5107 0.0507 0.047 0.0929
9 0.7561 0.1554 0.0531 0.1186
9 0.8278 0.1042 0.0904 0.1699
9 0.8193 0.2393 0.1221 0.1303
9 0.7439 0.2612 0.0775 0.1143
9 0.7183 0.6747 0.1447 0.172
9 0.601 0.6421 0.1288 0.1453
9 0.6306 0.7639 0.1136 0.1346
9 0.5269 0.8243 0.1245 0.1571
9 0.4362 0.883 0.119 0.1613
9 0.3675 0.8381 0.0842 0.1314
9 0.2769 0.7393 0.1203 0.1132
9 0.4533 0.7035 0.08 0.125
9 0.5327 0.6934 0.0763 0.1282
