0 0.1172 0.156 0.0952 0.2222
0 0.1306 0.1731 0.1392 0.1432
0 0.2875 0.11 0.0696 0.1175
0 0.475 0.1469 0.1673 0.1314
0 0.6429 0.0801 0.1026 0.1453
0 0.7317 0.0331 0.0446 0.0662
0 0.7827 0.0518 0.0513 0.1036
0 0.8153 0.0962 0.0397 0.1004
0 0.8904 0.0646 0.0641 0.1293
0 0.8141 0.1838 0.13 0.0791
0 0.9115 0.2324 0.1734 0.1335
0 0.9148 0.1554 0.1203 0.1015
0 0.957 0.1255 0.0836 0.1122
0 0.7036 0.3243 0.1337 0.1165
0 0.6166 0.422 0.1929 0.1282
0 0.4414 0.4038 0.1563 0.2222
0 0.4267 0.2837 0.094 0.1378
0 0.3175 0.3109 0.1368 0.2842
0 0.2082 0.4236 0.1258 0.2532
0 0.2067 0.4193 0.1081 0.0694
0 0.2933 0.4348 0.1007 0.0855
0 0.2933 0.5075 0.1276 0.0833
0 0.1676 0.6319 0.1386 0.1506
0 0.0443 0.5342 0.0885 0.1368
0 0.044 0.6218 0.0879 0.0876
0 0.2683 0.6319 0.1252 0.0673
0 0.3288 0.6768 0.1068 0.1421
0 0.1987 0.6886 0.08 0.0716
0 0.1679 0.7601 0.1074 0.0716
0 0.1761 0.8024 0.1056 0.0791
0 0.217 0.8467 0.0946 0.0887
0 0.4194 0.7703 0.127 0.0919
0 0.5366 0.7521 0.1172 0.1346
0 0.5791 0.649 0.1374 0.0972
0 0.7146 0.656 0.2436 0.1239
0 0.7726 0.7452 0.0885 0.0844
0 0.859 0.8072 0.1013 0.125
0 0.7402 0.8061 0.0958 0.1079
0 0.5766 0.8734 0.1093 0.1229
0 0.4332 0.9679 0.1447 0.0641
0 0.1132 0.9605 0.1276 0.0791
0 0.7549 0.4156 0.1716 0.2991
0 0.8648 0.4364 0.1044 0.0652
0 0.9283 0.3868 0.0751 0.0919
0 0.9524 0.5214 0.0781 0.0769
0 0.8803 0.5865 0.1209 0.109
0 0.7827 0.531 0.0794 0.0748
0 0.8294 0.2676 0.1337 0.0972
0 0.9444 0.6741 0.0708 0.1261
0 0.9563 0.602 0.069 0.0908
0 0.8565 0.6779 0.0794 0.0929
0 0.975 0.7863 0.0501 0.0641
0 0.3623 0.7943 0.0812 0.1122
0 0.4512 0.5091 0.0977 0.0823
0 0.5928 0.5593 0.1099 0.0801
