0 0.5513 0.727 0.0464 0.0844
0 0.7824 0.6859 0.0836 0.0748
0 0.7766 0.6368 0.0977 0.1111
0 0.7286 0.5347 0.0726 0.0759
0 0.822 0.4525 0.0983 0.1122
0 0.859 0.5657 0.1111 0.0716
0 0.8513 0.6303 0.0873 0.0641
0 0.9365 0.7041 0.0574 0.0449
0 0.9466 0.4744 0.0934 0.094
0 0.5885 0.6159 0.0696 0.0994
0 0.5925 0.5198 0.0739 0.0865
0 0.681 0.609 0.0775 0.0684
0 0.7012 0.6603 0.0592 0.0769
0 0.7005 0.7121 0.0788 0.0887
0 0.6401 0.609 0.0592 0.0684
0 0.6484 0.6426 0.0562 0.0609
0 0.5846 0.7345 0.0421 0.0481
0 0.5562 0.6896 0.0611 0.0438
0 0.4817 0.6506 0.0562 0.0577
0 0.5064 0.6218 0.0458 0.0748
0 0.522 0.5577 0.0537 0.0791
0 0.511 0.5027 0.0452 0.0566
0 0.4863 0.4647 0.0446 0.0769
0 0.4118 0.4941 0.0641 0.0844
0 0.3581 0.4471 0.0446 0.0865
0 0.4103 0.3472 0.0342 0.0406
0 0.4078 0.4386 0.0293 0.0545
0 0.3639 0.3098 0.0391 0.0577
0 0.4216 0.3034 0.0385 0.062
0 0.3617 0.2356 0.0336 0.0524
0 0.2769 0.281 0.0433 0.062
0 0.3547 0.3718 0.0525 0.0705
0 0.308 0.3654 0.0348 0.0385
0 0.2921 0.3285 0.0311 0.0331
0 0.261 0.3243 0.0397 0.0417
0 0.2491 0.3365 0.0317 0.0321
0 0.2683 0.3702 0.0446 0.0374
0 0.4377 0.5791 0.0379 0.0556
0 0.4637 0.5609 0.0324 0.0491
0 0.4799 0.555 0.033 0.0588
0 0.4704 0.5128 0.0324 0.0598
0 0.2866 0.2361 0.0385 0.0556
0 0.2393 0.1603 0.0537 0.0427
0 0.228 0.2569 0.036 0.0395
0 0.2189 0.3381 0.036 0.0395
0 0.1792 0.3018 0.0397 0.0353
0 0.9676 0.7297 0.0647 0.062
0 0.9716 0.2537 0.0568 0.0737
0 0.9661 0.2228 0.0507 0.0481
