0 0.062 0.2634 0.1239 0.1955
0 0.0415 0.4017 0.083 0.1368
0 0.1068 0.5155 0.1502 0.1122
0 0.1951 0.2879 0.2179 0.2126
0 0.2311 0.179 0.1117 0.0887
0 0.2744 0.2169 0.1374 0.0684
0 0.3446 0.0497 0.1349 0.0994
0 0.4679 0.1047 0.0995 0.1581
0 0.5159 0.2099 0.1331 0.2788
0 0.4374 0.2901 0.091 0.0823
0 0.4109 0.3739 0.0745 0.0983
0 0.3049 0.3926 0.0922 0.1271
0 0.2289 0.4642 0.1306 0.234
0 0.1664 0.5972 0.1105 0.0641
0 0.2433 0.687 0.1508 0.141
0 0.3532 0.734 0.174 0.1218
0 0.1542 0.867 0.0836 0.1549
0 0.2534 0.8184 0.0769 0.1453
0 0.5168 0.8835 0.1667 0.1453
0 0.4203 0.8686 0.1227 0.141
0 0.5907 0.7089 0.1984 0.1827
0 0.6044 0.5502 0.1526 0.2564
0 0.5705 0.4209 0.119 0.312
0 0.6438 0.2537 0.1227 0.1378
0 0.5757 0.2585 0.1074 0.1474
0 0.4832 0.4167 0.1288 0.1261
0 0.4838 0.5288 0.0934 0.0812
0 0.3217 0.6036 0.1221 0.094
0 0.3281 0.4733 0.1068 0.1175
0 0.3492 0.5139 0.1282 0.203
0 0.2268 0.5486 0.0836 0.125
0 0.181 0.68 0.0751 0.0801
0 0.7967 0.4124 0.1551 0.2991
0 0.8562 0.3825 0.1239 0.235
0 0.7482 0.2206 0.1642 0.2682
0 0.7204 0.3654 0.1343 0.2115
0 0.6654 0.1448 0.1319 0.14
0 0.6749 0.0321 0.1032 0.0641
0 0.7845 0.0625 0.0586 0.0801
0 0.8468 0.1784 0.0574 0.1496
0 0.8724 0.2511 0.0781 0.0962
0 0.8938 0.6287 0.105 0.1186
0 0.9328 0.6063 0.0806 0.078
0 0.9512 0.4808 0.0977 0.0791
0 0.9628 0.5374 0.0745 0.1132
0 0.688 0.5865 0.0379 0.1047
0 0.7375 0.0865 0.0684 0.1432
