0 0.101 0.0812 0.08 0.0769
0 0.1218 0.125 0.0836 0.0812
0 0.04 0.1026 0.0604 0.094
0 0.0488 0.2569 0.0537 0.1314
0 0.0263 0.3365 0.0525 0.0812
0 0.0742 0.3638 0.0397 0.1207
0 0.0913 0.3771 0.058 0.0769
0 0.1432 0.3921 0.058 0.0833
0 0.102 0.5988 0.0525 0.1165
0 0.0455 0.7073 0.0458 0.0491
0 0.0189 0.8616 0.0379 0.0652
0 0.094 0.9637 0.0965 0.0726
0 0.0668 0.852 0.0519 0.0545
0 0.1175 0.851 0.0495 0.063
0 0.0788 0.9001 0.0513 0.0481
0 0.1169 0.7708 0.0372 0.0459
0 0.1691 0.7794 0.0574 0.0673
0 0.1426 0.6891 0.0629 0.0513
0 0.1352 0.7142 0.047 0.0502
0 0.2219 0.6159 0.0775 0.0609
0 0.2479 0.7019 0.0647 0.0726
0 0.2344 0.7404 0.0647 0.0491
0 0.3071 0.6677 0.0745 0.0662
0 0.3294 0.6159 0.0824 0.0652
0 0.2418 0.9177 0.0696 0.0577
0 0.1807 0.9145 0.0537 0.0491
0 0.1789 0.8446 0.0525 0.0609
0 0.1978 0.7991 0.0501 0.0406
0 0.2714 0.8317 0.036 0.0502
0 0.2759 0.8761 0.0342 0.0513
0 0.2875 0.9386 0.0317 0.0459
0 0.3336 0.9006 0.0421 0.0641
0 0.395 0.8996 0.0452 0.0513
0 0.4795 0.9012 0.08 0.0524
0 0.6465 0.9161 0.072 0.0566
0 0.6853 0.8344 0.0714 0.0812
0 0.7506 0.727 0.0983 0.1122
0 0.6999 0.7137 0.0812 0.109
0 0.6642 0.696 0.1111 0.1357
0 0.5705 0.7196 0.0751 0.0844
0 0.504 0.8226 0.0824 0.0726
0 0.587 0.8429 0.0824 0.0726
0 0.4066 0.7511 0.0928 0.0598
0 0.3129 0.7826 0.0665 0.063
0 0.3962 0.5881 0.0769 0.0759
0 0.4347 0.547 0.0598 0.0833
0 0.5183 0.648 0.0952 0.1036
0 0.6282 0.4989 0.1111 0.1325
0 0.7146 0.4428 0.0922 0.1314
0 0.7891 0.5673 0.0653 0.1325
0 0.7186 0.6213 0.0952 0.0652
0 0.8214 0.4028 0.0714 0.1774
0 0.8675 0.4284 0.1184 0.1688
0 0.8608 0.2057 0.0904 0.1806
0 0.7506 0.1955 0.0702 0.1688
0 0.7189 0.3381 0.0958 0.1207
0 0.6432 0.1448 0.0885 0.2169
0 0.7082 0.0849 0.0623 0.1699
0 0.5745 0.2131 0.044 0.1656
0 0.6447 0.3547 0.0818 0.1688
0 0.5769 0.3969 0.0513 0.1165
0 0.5696 0.5171 0.0488 0.1047
0 0.5259 0.4551 0.0556 0.1368
0 0.4976 0.3253 0.0708 0.1036
0 0.5452 0.2324 0.0391 0.1229
0 0.4918 0.0929 0.0678 0.1026
0 0.4756 0.0652 0.0806 0.0833
0 0.4341 0.1565 0.0745 0.1165
0 0.4783 0.2179 0.0812 0.1303
0 0.4426 0.351 0.0635 0.0801
0 0.3559 0.3894 0.0867 0.0545
0 0.3269 0.4476 0.08 0.047
0 0.4347 0.4423 0.0806 0.0748
0 0.4869 0.4252 0.0556 0.0684
0 0.2595 0.3718 0.0867 0.0534
0 0.1832 0.258 0.0781 0.0716
0 0.1905 0.1672 0.0317 0.0994
0 0.2708 0.1234 0.0726 0.0609
0 0.2778 0.1613 0.0818 0.1175
0 0.3532 0.0978 0.0617 0.1143
0 0.3443 0.1971 0.0635 0.0673
0 0.3721 0.2804 0.0543 0.172
0 0.323 0.3365 0.0647 0.0385
0 0.3095 0.2751 0.0586 0.063
0 0.3254 0.2425 0.0684 0.0427
0 0.2393 0.2644 0.0452 0.063
0 0.2405 0.3093 0.0293 0.078
0 0.1938 0.375 0.0641 0.0769
0 0.2323 0.1549 0.0665 0.0534
0 0.4161 0.2276 0.069 0.0684
0 0.5583 0.0347 0.0592 0.0694
0 0.2937 0.031 0.0403 0.062
0 0.3864 0.0294 0.0574 0.0588
0 0.3999 0.6784 0.0757 0.0983
0 0.6163 0.3114 0.0421 0.0459
0 0.5806 0.3269 0.0452 0.0769
0 0.5372 0.3392 0.0427 0.0652
