9 0.4524 0.3729 0.127 0.1816
9 0.4332 0.1261 0.0665 0.1111
9 0.2674 0.0566 0.0928 0.0791
9 0.0522 0.1512 0.0629 0.0823
9 0.0369 0.0235 0.0739 0.047
9 0.1615 0.5994 0.1068 0.1197
9 0.0763 0.6368 0.0904 0.1389
9 0.1053 0.781 0.1093 0.1645
9 0.1722 0.9012 0.0916 0.1271
9 0.1951 0.7698 0.102 0.1528
9 0.2766 0.672 0.1575 0.2009
9 0.3135 0.5203 0.1032 0.1453
9 0.286 0.4754 0.0385 0.1068
9 0.3175 0.836 0.1392 0.14
9 0.5214 0.5032 0.1514 0.2179
9 0.5711 0.4348 0.0885 0.1132
9 0.5971 0.6298 0.0549 0.1677
9 0.424 0.4952 0.0604 0.1165
9 0.8935 0.2959 0.1007 0.0705
9 0.8672 0.2217 0.0678 0.125
9 0.9518 0.1741 0.0806 0.2073
9 0.7967 0.2975 0.044 0.0951
9 0.7369 0.0807 0.1429 0.1613
9 0.5537 0.0855 0.0794 0.0726
9 0.5473 0.0491 0.0604 0.094
0 0.1355 0.2158 0.0635 0.0833
