4 0.4991 0.531 0.8187 0.594
0 0.7793 0.9071 0.1166 0.1688
0 0.779 0.6747 0.0977 0.1036
0 0.7488 0.4476 0.0812 0.0855
0 0.5717 0.3654 0.1227 0.109
0 0.4277 0.3344 0.1716 0.109
0 0.3672 0.2927 0.1166 0.0662
0 0.2998 0.2762 0.1221 0.0673
0 0.2167 0.2751 0.1074 0.0716
0 0.272 0.3531 0.1239 0.1229
0 0.3645 0.4188 0.1856 0.1004
0 0.4927 0.4808 0.0965 0.094
0 0.5308 0.6282 0.1557 0.1111
0 0.6184 0.5171 0.083 0.0684
0 0.1938 0.5278 0.1984 0.1496
0 0.2094 0.4274 0.1905 0.1624
0 0.1123 0.7975 0.1148 0.0972
0 0.062 0.7463 0.1129 0.0652
0 0.3712 0.7981 0.2662 0.1474
0 0.4713 0.8579 0.1013 0.1026
0 0.5516 0.883 0.1239 0.1656
0 0.3458 0.9375 0.2338 0.125
