9 0.9154 0.2713 0.1692 0.2471
9 0.765 0.1081 0.0599 0.2161
9 0.75 0.3345 0.2034 0.2383
9 0.7141 0.427 0.2234 0.3392
9 0.6444 0.7526 0.1984 0.4947
9 0.3691 0.6237 0.2415 0.3114
9 0.535 0.4147 0.2084 0.259
9 0.6712 0.282 0.1376 0.2542
9 0.681 0.0628 0.0854 0.1255
9 0.5736 0.0997 0.1076 0.1851
9 0.4438 0.0794 0.0967 0.1494
9 0.3021 0.1629 0.2311 0.3257
9 0.3616 0.5248 0.212 0.2376
9 0.1426 0.3245 0.1398 0.2169
9 0.0947 0.7476 0.1893 0.2892
9 0.2458 0.9175 0.2792 0.165
9 0.109 0.4898 0.1698 0.2677
9 0.0359 0.4668 0.0717 0.1962
9 0.503 0.0334 0.0518 0.0667
9 0.5546 0.2074 0.0604 0.1287
9 0.3389 0.4179 0.0767 0.1923
