9 0.5387 0.1732 0.0667 0.1684
9 0.6106 0.0453 0.1026 0.0906
9 0.7373 0.5395 0.0436 0.1875
0 0.3916 0.5172 0.2556 0.3146
0 0.0751 0.9286 0.1503 0.1427
9 0.4717 0.7087 0.0536 0.1796
9 0.6047 0.4497 0.0499 0.1541
9 0.1516 0.5931 0.0953 0.1454
9 0.0661 0.5963 0.0713 0.1374
9 0.1723 0.375 0.0949 0.1557
9 0.2433 0.3893 0.0518 0.1748
9 0.3698 0.7504 0.1112 0.1406
9 0.3657 0.9119 0.1194 0.1761
9 0.2245 0.7146 0.0595 0.1533
9 0.2788 0.929 0.0291 0.1419
0 0.3907 0.255 0.0468 0.2034
9 0.3664 0.4211 0.0863 0.1351
9 0.5269 0.2745 0.0513 0.1263
9 0.3503 0.1736 0.0767 0.085
9 0.3226 0.1982 0.0449 0.1565
9 0.2522 0.1605 0.0477 0.0715
9 0.1743 0.2038 0.0445 0.085
9 0.2617 0.2296 0.0704 0.1653
9 0.2429 0.5291 0.0218 0.1382
9 0.3039 0.5021 0.0422 0.1764
9 0.4204 0.3273 0.0336 0.2383
9 0.491 0.3452 0.0477 0.1533
9 0.3432 0.5704 0.0381 0.1843
9 0.3017 0.6833 0.0268 0.1573
9 0.2225 0.5291 0.0481 0.1112
9 0.3682 0.3003 0.1035 0.1923
