9 0.8292 0.4547 0.0821 0.176
9 0.9536 0.8953 0.0452 0.1281
9 0.6012 0.4885 0.0821 0.1271
9 0.4423 0.4562 0.0595 0.0896
9 0.4789 0.5203 0.0363 0.0865
9 0.5048 0.6297 0.069 0.1344
9 0.5539 0.738 0.0351 0.1281
9 0.0961 0.9443 0.1185 0.1115
9 0.3506 0.5922 0.0464 0.1031
9 0.0116 0.2156 0.0232 0.0771
9 0.6892 0.6582 0.0236 0.0993
9 0.5498 0.6312 0.0272 0.0802
9 0.2147 0.3575 0.0309 0.089
9 0.2227 0.4386 0.0613 0.0842
9 0.3133 0.5303 0.0627 0.0866
9 0.3117 0.4604 0.034 0.0882
9 0.8308 0.9564 0.049 0.0871
9 0.0302 0.2034 0.0295 0.0572
0 0.1142 0.1621 0.0522 0.0572
0 0.261 0.7993 0.0599 0.0715
