9 0.2167 0.8113 0.0839 0.1196
9 0.7631 0.2832 0.0481 0.0832
9 0.6738 0.3476 0.036 0.055
0 0.4172 0.7073 0.0445 0.0595
0 0.4469 0.5708 0.045 0.0335
0 0.6207 0.7176 0.0429 0.06
9 0.646 0.5431 0.0696 0.1163
9 0.6891 0.4574 0.0547 0.1214
9 0.5702 0.6048 0.0637 0.1215
9 0.7594 0.3942 0.0412 0.0706
9 0.553 0.37 0.0342 0.0552
0 0.4571 0.6214 0.0545 0.099
9 0.6265 0.4435 0.0386 0.0659
9 0.5779 0.6308 0.0494 0.0696
9 0.8146 0.411 0.0416 0.0614
9 0.695 0.6002 0.0373 0.0556
0 0.5775 0.6304 0.0484 0.0703
9 0.6145 0.5371 0.0363 0.0702
0 0.2021 0.7597 0.0501 0.0182
9 0.6892 0.4743 0.0485 0.0867
0 0.6273 0.4454 0.0371 0.0655
0 0.7691 0.8812 0.0623 0.0549
0 0.5198 0.6158 0.0419 0.0659
9 0.7528 0.394 0.0573 0.0735
9 0.6362 0.5281 0.0767 0.0932
0 0.8718 0.704 0.0511 0.075
0 0.527 0.6757 0.0298 0.0376
0 0.6139 0.5391 0.0337 0.06
0 0.5082 0.5201 0.0397 0.0278
9 0.5192 0.6173 0.0413 0.0615
0 0.5465 0.5293 0.0382 0.0364
9 0.5595 0.5855 0.0523 0.0832
9 0.5538 0.5972 0.0677 0.1088
9 0.6664 0.5603 0.0978 0.1322
9 0.6207 0.7165 0.0453 0.0612
9 0.6209 0.4454 0.0509 0.0719
