9 0.6814 0.6503 0.0944 0.0977
9 0.863 0.663 0.0944 0.1676
9 0.5223 0.7607 0.1103 0.1152
9 0.9747 0.7687 0.0507 0.1041
9 0.6592 0.8716 0.0808 0.0969
9 0.6006 0.7476 0.0409 0.1049
9 0.1489 0.7297 0.0336 0.0993
9 0.1721 0.3802 0.0372 0.0421
9 0.427 0.8104 0.074 0.0763
9 0.5841 0.926 0.064 0.1104
9 0.528 0.8358 0.0781 0.0779
9 0.9617 0.7961 0.0766 0.0938
0 0.0552 0.5164 0.0731 0.1446
0 0.0842 0.1827 0.0658 0.062
9 0.7938 0.9485 0.0794 0.103
9 0.9663 0.9719 0.0675 0.0561
9 0.8869 0.9644 0.0595 0.0712
9 0.8687 0.8954 0.0586 0.1239
0 0.3518 0.346 0.0381 0.0294
