9 0.2676 0.1932 0.0923 0.1344
9 0.6092 0.3839 0.0637 0.0865
0 0.7765 0.2844 0.1815 0.1625
0 0.6542 0.2146 0.0286 0.0375
0 0.5592 0.1167 0.0351 0.05
0 0.3476 0.6271 0.0893 0.0958
0 0.311 0.7073 0.1601 0.1229
0 0.0595 0.9406 0.119 0.1188
0 0.558 0.9766 0.0173 0.0469
0 0.7274 0.6396 0.0929 0.1312
0 0.9283 0.749 0.028 0.0333
0 0.6185 0.4474 0.1452 0.2156
0 0.4488 0.1865 0.0476 0.0667
0 0.4551 0.3094 0.0506 0.0417
0 0.3714 0.3698 0.0333 0.1125
0 0.2318 0.5234 0.0137 0.051
0 0.2333 0.5385 0.0286 0.025
0 0.4339 0.3646 0.1226 0.1688
0 0.5256 0.3505 0.0286 0.0427
0 0.528 0.4292 0.025 0.0417
0 0.514 0.6375 0.0613 0.0812
0 0.6247 0.5927 0.0542 0.0521
0 0.5193 0.7578 0.0292 0.076
0 0.0405 0.7677 0.0417 0.0458
0 0.1086 0.2344 0.0268 0.0583
0 0.3923 0.151 0.0274 0.0646
0 0.9077 0.6547 0.0226 0.0344
0 0.3512 0.4766 0.0131 0.051
0 0.3092 0.3833 0.0125 0.05
0 0.308 0.2854 0.0494 0.05
0 0.9003 0.2693 0.0458 0.0281
0 0.7333 0.4406 0.0262 0.0458
