0 0.4588 0.6102 0.1639 0.1414
0 0.3487 0.547 0.1662 0.1327
0 0.7752 0.3059 0.1285 0.1335
0 0.6896 0.1267 0.1199 0.1629
0 0.3743 0.321 0.0567 0.0826
0 0.4937 0.3782 0.0495 0.0572
0 0.7144 0.5855 0.1021 0.151
0 0.7877 0.6439 0.0545 0.0659
0 0.2263 0.2101 0.0595 0.0437
0 0.3609 0.2217 0.0245 0.0286
0 0.1923 0.9744 0.034 0.0389
0 0.1553 0.9681 0.0354 0.0564
0 0.3841 0.7722 0.0844 0.0906
0 0.9758 0.8767 0.0484 0.0437
0 0.8011 0.1573 0.025 0.0397
0 0.604 0.1239 0.0477 0.0636
0 0.4411 0.3102 0.0322 0.0437
0 0.3071 0.4775 0.0241 0.0397
0 0.2633 0.5482 0.0354 0.0429
0 0.3019 0.7599 0.0272 0.0437
0 0.3189 0.7131 0.0295 0.0262
0 0.1287 0.6535 0.0177 0.058
9 0.3012 0.2864 0.0976 0.1152
9 0.814 0.2082 0.0699 0.0953
0 0.7153 0.2991 0.0259 0.0246
