0 0.444 0.4948 0.1726 0.1542
0 0.6786 0.701 0.1786 0.2125
0 0.0949 0.7911 0.1256 0.1635
0 0.1074 0.8802 0.1089 0.2
0 0.4158 0.9578 0.1089 0.0844
0 0.525 0.937 0.125 0.1115
0 0.4991 0.887 0.0411 0.1156
0 0.3327 0.9677 0.0238 0.0583
0 0.1574 0.4224 0.0411 0.0344
0 0.2961 0.3906 0.0208 0.0583
0 0.3393 0.5083 0.0155 0.0479
0 0.9527 0.2318 0.0196 0.0906
0 0.6926 0.1286 0.047 0.0406
0 0.5682 0.0411 0.0494 0.0469
0 0.5199 0.1089 0.028 0.0615
0 0.4351 0.0615 0.0429 0.0646
0 0.3018 0.0979 0.025 0.0542
0 0.1878 0.2177 0.0661 0.0333
0 0.5568 0.3802 0.0446 0.0396
0 0.4077 0.3047 0.0155 0.0323
0 0.4887 0.2943 0.0179 0.0344
0 0.6098 0.3193 0.0304 0.026
0 0.639 0.2786 0.0161 0.0344
0 0.6598 0.4099 0.022 0.0385
0 0.6708 0.4693 0.0262 0.0469
0 0.6914 0.551 0.0125 0.0542
0 0.6955 0.5495 0.0399 0.026
0 0.6408 0.5151 0.0196 0.0677
0 0.5631 0.413 0.0202 0.026
0 0.4253 0.8948 0.0244 0.0354
0 0.1896 0.8474 0.0363 0.0365
0 0.233 0.5932 0.0315 0.0573
0 0.2667 0.0953 0.0262 0.0323
0 0.9262 0.1005 0.0286 0.0219
0 0.7509 0.4339 0.022 0.0219
0 0.8756 0.926 0.0238 0.0229
0 0.4173 0.5797 0.0214 0.0427
0 0.0235 0.6927 0.047 0.0688
9 0.5685 0.7688 0.0476 0.0562
9 0.6693 0.8125 0.1125 0.1146
9 0.2223 0.4276 0.097 0.1635
0 0.2628 0.3688 0.0149 0.0583
0 0.7378 0.863 0.0196 0.051
