9 0.781 0.5745 0.0524 0.1656
9 0.892 0.738 0.0315 0.1156
9 0.5869 0.7396 0.0381 0.1375
9 0.5155 0.6672 0.0167 0.1385
9 0.5086 0.5062 0.0601 0.1188
9 0.4664 0.524 0.0304 0.0958
9 0.4176 0.4302 0.0327 0.0688
9 0.2899 0.3568 0.069 0.0823
9 0.3429 0.5047 0.0631 0.0865
9 0.228 0.451 0.0524 0.0854
9 0.0321 0.213 0.0262 0.0656
9 0.5277 0.4557 0.047 0.074
9 0.8295 0.9198 0.0696 0.1104
9 0.6759 0.6651 0.0375 0.101
9 0.3938 0.4516 0.0113 0.0802
0 0.2086 0.5443 0.0423 0.0552
0 0.1461 0.1568 0.0625 0.0594
0 0.2774 0.8083 0.0679 0.0792
