0 0.2551 0.8448 0.1601 0.2042
0 0.1899 0.7854 0.1202 0.1688
0 0.2006 0.5047 0.1655 0.1427
0 0.6577 0.6292 0.0381 0.0375
0 0.683 0.6193 0.0327 0.0323
0 0.6741 0.2583 0.0387 0.0479
0 0.6673 0.2901 0.0357 0.0302
0 0.1857 0.1953 0.0381 0.0427
0 0.308 0.1208 0.0423 0.0521
0 0.5506 0.1938 0.0381 0.0667
0 0.4357 0.3359 0.0321 0.0656
0 0.5 0.4974 0.0476 0.0698
0 0.4893 0.7495 0.0536 0.0948
0 0.3351 0.4974 0.0238 0.051
0 0.2902 0.2979 0.0327 0.0292
0 0.2821 0.2698 0.031 0.0312
0 0.933 0.3354 0.0387 0.0729
0 0.864 0.913 0.0244 0.0302
0 0.547 0.7604 0.0167 0.0292
0 0.4449 0.7339 0.0149 0.0427
0 0.5702 0.5865 0.0238 0.0167
0 0.4571 0.5453 0.025 0.0198
0 0.6235 0.3188 0.0185 0.0312
0 0.7312 0.5062 0.0208 0.0479
0 0.7155 0.6109 0.025 0.0531
0 0.4601 0.425 0.0071 0.0333
0 0.492 0.4083 0.0173 0.0229
0 0.0155 0.126 0.031 0.1021
0 0.261 0.0427 0.022 0.0375
0 0.9039 0.8172 0.0196 0.0219
0 0.4446 0.0844 0.0429 0.0667
0 0.742 0.7411 0.0077 0.0573
9 0.4661 0.9589 0.0833 0.0823
9 0.6976 0.8328 0.0476 0.074
9 0.2101 0.3625 0.1036 0.0938
0 0.7973 0.2365 0.0185 0.0417
0 0.0256 0.8672 0.0512 0.1198
