0 0.708 0.2682 0.1768 0.1469
0 0.5935 0.4052 0.119 0.1042
0 0.2021 0.6812 0.1185 0.1646
0 0.3625 0.6792 0.1083 0.1146
0 0.0807 0.7615 0.1232 0.1042
0 0.0699 0.8609 0.1399 0.1677
0 0.4943 0.1328 0.0435 0.0823
0 0.5935 0.0948 0.0357 0.0354
0 0.7214 0.0891 0.0429 0.0448
0 0.8167 0.0271 0.0345 0.0396
0 0.6818 0.0375 0.0482 0.05
0 0.3845 0.2568 0.044 0.0427
0 0.1107 0.3865 0.0476 0.0479
0 0.4134 0.9068 0.0304 0.0219
0 0.3744 0.9599 0.0179 0.0594
0 0.2003 0.8984 0.0149 0.0594
0 0.5065 0.5172 0.0262 0.1156
0 0.3107 0.4917 0.0333 0.0438
0 0.2661 0.4922 0.0131 0.0615
0 0.183 0.5854 0.0292 0.0167
0 0.2943 0.7078 0.0232 0.0656
0 0.7193 0.6542 0.0375 0.0333
0 0.722 0.6703 0.0298 0.026
0 0.7607 0.5854 0.0214 0.0208
0 0.806 0.7182 0.0714 0.1573
0 0.9182 0.7344 0.0208 0.0458
0 0.7009 0.8422 0.0173 0.0469
0 0.6036 0.3328 0.0226 0.051
0 0.5774 0.3448 0.0202 0.0375
0 0.358 0.2682 0.0256 0.0281
0 0.3128 0.5323 0.0411 0.0583
0 0.2949 0.5677 0.0208 0.0375
9 0.5318 0.9328 0.097 0.0969
9 0.5315 0.7589 0.05 0.0531
9 0.6199 0.5953 0.0589 0.0615
9 0.6994 0.4448 0.0429 0.0479
0 0.3298 0.1417 0.0214 0.0229
0 0.4149 0.7745 0.125 0.1448
9 0.4568 0.4932 0.0351 0.0635
9 0.2039 0.3286 0.1054 0.1552
9 0.3676 0.55 0.0196 0.0875
0 0.3857 0.5219 0.0143 0.0188
0 0.7223 0.6208 0.0089 0.0521
