9 0.8549 0.3138 0.0962 0.2113
9 0.7119 0.1196 0.1317 0.2391
9 0.2772 0.4211 0.0822 0.3305
0 0.5023 0.7961 0.1149 0.2876
0 0.614 0.5843 0.2256 0.2789
0 0.7502 0.4211 0.1512 0.1827
0 0.4163 0.4636 0.1562 0.3011
0 0.4122 0.6205 0.0799 0.1541
0 0.6574 0.313 0.0835 0.1541
0 0.6508 0.4974 0.064 0.1462
0 0.73 0.6082 0.0508 0.2312
0 0.6109 0.7079 0.1929 0.232
0 0.3528 0.3174 0.1135 0.2677
0 0.257 0.5983 0.0817 0.1891
0 0.4029 0.0918 0.2383 0.1835
0 0.4288 0.1911 0.0213 0.139
0 0.4987 0.4096 0.1121 0.3567
0 0.3294 0.1923 0.1285 0.1764
0 0.1614 0.0663 0.1639 0.1327
0 0.2765 0.0771 0.0917 0.1541
0 0.5139 0.0465 0.0608 0.093
