0 0.155 0.3365 0.1766 0.282
0 0.2522 0.282 0.1303 0.2304
0 0.2831 0.6423 0.0495 0.2058
0 0.5325 0.8259 0.1634 0.2074
0 0.5995 0.6646 0.1902 0.344
0 0.7114 0.5673 0.1317 0.1954
0 0.6646 0.5899 0.1707 0.2534
0 0.9628 0.0906 0.0743 0.1684
0 0.5514 0.2963 0.2184 0.1525
0 0.4529 0.1136 0.173 0.2272
0 0.3078 0.0775 0.0962 0.1549
0 0.503 0.4497 0.1943 0.2495
0 0.4181 0.3067 0.1126 0.2622
0 0.6081 0.1148 0.1121 0.2296
0 0.6814 0.3381 0.2324 0.2248
9 0.575 0.4239 0.1103 0.1438
0 0.2515 0.5414 0.1516 0.1231
0 0.688 0.253 0.1058 0.1597
0 0.3652 0.4139 0.1067 0.2876
9 0.3039 0.344 0.0885 0.1827
