9 0.5253 0.5748 0.1026 0.1374
9 0.6329 0.4429 0.0536 0.1231
9 0.8279 0.3611 0.0395 0.1867
9 0.938 0.9461 0.0708 0.1078
9 0.6992 0.6483 0.0281 0.0906
9 0.0901 0.9006 0.1167 0.1613
9 0.2822 0.5843 0.0513 0.0961
9 0.2865 0.5375 0.0608 0.0818
9 0.2508 0.456 0.0404 0.0858
9 0.2204 0.4064 0.034 0.085
9 0.1553 0.3599 0.0318 0.1017
9 0.4903 0.4588 0.0536 0.0818
9 0.5421 0.7206 0.0281 0.1335
9 0.471 0.5514 0.0277 0.0985
0 0.1085 0.1601 0.049 0.0469
0 0.6422 0.5804 0.0577 0.0659
0 0.2408 0.7873 0.0667 0.0699
