0 0.5037 0.8124 0.1067 0.282
0 0.2758 0.6237 0.0613 0.2018
9 0.6889 0.2097 0.1403 0.3385
9 0.6102 0.7186 0.1979 0.2662
0 0.4794 0.1144 0.118 0.1017
0 0.3882 0.1839 0.0336 0.1597
0 0.2143 0.0949 0.1716 0.1899
0 0.6606 0.514 0.0917 0.1494
0 0.6168 0.5522 0.1594 0.2638
0 0.7777 0.3099 0.0935 0.1462
0 0.4356 0.4231 0.1966 0.2677
0 0.4066 0.5756 0.0922 0.1359
0 0.2817 0.3583 0.0622 0.2828
0 0.3298 0.0695 0.1248 0.139
0 0.4551 0.3766 0.1911 0.3957
0 0.7253 0.4235 0.0686 0.1732
0 0.5668 0.0286 0.3192 0.0572
