9 0.7225 0.0791 0.064 0.0802
9 0.8819 0.2916 0.0658 0.1224
9 0.802 0.4203 0.0713 0.089
9 0.8301 0.6503 0.0704 0.093
9 0.7811 0.7913 0.0486 0.1033
0 0.8617 0.974 0.0436 0.035
9 0.6651 0.8322 0.0272 0.0691
9 0.6036 0.6527 0.0567 0.1073
9 0.6472 0.6118 0.0903 0.1017
9 0.7432 0.4155 0.0436 0.1176
9 0.7623 0.2475 0.0254 0.1057
9 0.7741 0.1792 0.0327 0.0882
9 0.8215 0.228 0.0259 0.0906
9 0.6619 0.2244 0.0999 0.1279
9 0.6769 0.3412 0.0145 0.0914
9 0.6236 0.3814 0.0404 0.1049
9 0.5911 0.4187 0.0508 0.1001
9 0.5886 0.518 0.0649 0.0779
9 0.5169 0.6273 0.0767 0.1486
9 0.58 0.7687 0.0504 0.0739
9 0.5307 0.7985 0.0481 0.081
9 0.5625 0.8704 0.0218 0.0739
9 0.4381 0.7802 0.0527 0.0922
9 0.1657 0.6634 0.1217 0.1589
9 0.3187 0.5748 0.0481 0.1565
9 0.4388 0.4235 0.0885 0.1557
9 0.2191 0.8779 0.0586 0.0922
9 0.1065 0.9632 0.0513 0.0736
9 0.3425 0.7718 0.0213 0.085
9 0.3959 0.779 0.0372 0.0977
9 0.4106 0.6829 0.0713 0.0866
9 0.3471 0.6725 0.0731 0.1216
9 0.3237 0.3472 0.0735 0.2018
9 0.4488 0.9552 0.0295 0.0895
9 0.4842 0.8624 0.0313 0.0802
9 0.5393 0.431 0.0499 0.1025
9 0.4833 0.4318 0.064 0.1057
9 0.8699 0.6928 0.0372 0.0938
9 0.5291 0.5323 0.0286 0.0985
