9 0.6544 0.9429 0.0459 0.1141
9 0.6669 0.9811 0.089 0.0379
9 0.76 0.9168 0.0944 0.1128
9 0.7981 0.6713 0.0863 0.1065
9 0.5235 0.6582 0.1226 0.1645
9 0.5968 0.7679 0.0958 0.1343
9 0.56 0.8874 0.0849 0.0747
9 0.9103 0.8005 0.1289 0.1073
9 0.9672 0.8537 0.0657 0.1088
9 0.9572 0.9755 0.0857 0.049
9 0.4787 0.81 0.0731 0.0644
0 0.2817 0.1494 0.1185 0.151
0 0.1512 0.2399 0.1062 0.0858
0 0.1821 0.2952 0.0844 0.093
0 0.2268 0.2515 0.0604 0.0802
0 0.0688 0.1367 0.0731 0.0779
0 0.0136 0.1144 0.0272 0.0874
