9 0.6476 0.4056 0.1121 0.1915
9 0.6052 0.5994 0.1235 0.1915
9 0.2606 0.6241 0.0699 0.1756
9 0.4522 0.4052 0.0527 0.1001
9 0.8896 0.6543 0.0722 0.1231
9 0.8907 0.7639 0.0962 0.1152
9 0.9103 0.93 0.0781 0.1088
9 0.4737 0.5228 0.0722 0.1541
9 0.1766 0.2399 0.0499 0.0874
9 0.2254 0.2769 0.0159 0.0961
9 0.1544 0.2614 0.0663 0.0953
9 0.0138 0.6133 0.0277 0.1033
9 0.518 0.5101 0.0409 0.1049
9 0.4837 0.5351 0.0776 0.0993
0 0.072 0.203 0.0422 0.0485
0 0.0606 0.2932 0.0431 0.0588
0 0.0958 0.5883 0.0781 0.0866
0 0.9057 0.5581 0.0617 0.0326
