9 0.2406 0.2995 0.0754 0.0922
9 0.3196 0.34 0.0717 0.0922
9 0.3902 0.3539 0.0776 0.0961
9 0.3804 0.2256 0.0372 0.0969
9 0.4338 0.0644 0.0876 0.1287
9 0.6562 0.087 0.0168 0.0818
9 0.8542 0.3893 0.054 0.0794
9 0.9706 0.5101 0.0589 0.1065
9 0.8081 0.5049 0.0281 0.0787
9 0.7999 0.3436 0.0545 0.0787
9 0.752 0.435 0.0449 0.0723
9 0.4533 0.2503 0.0586 0.1176
9 0.5114 0.2054 0.0586 0.1724
9 0.6374 0.2578 0.0191 0.1088
9 0.7212 0.2054 0.0622 0.1343
9 0.7722 0.1521 0.0726 0.0787
9 0.7949 0.0882 0.0327 0.0699
9 0.587 0.7468 0.0372 0.0826
9 0.6304 0.8767 0.0259 0.058
9 0.5557 0.8704 0.0145 0.0675
9 0.5357 0.7643 0.0645 0.0938
9 0.5668 0.5593 0.0522 0.0874
9 0.498 0.4648 0.0563 0.0699
9 0.417 0.5244 0.0522 0.1081
9 0.5098 0.5665 0.0518 0.1176
9 0.4315 0.6503 0.0522 0.0993
9 0.4862 0.3583 0.0663 0.0985
9 0.5659 0.3214 0.1067 0.1533
9 0.0293 0.947 0.025 0.0842
9 0.37 0.6741 0.03 0.1184
9 0.3257 0.6829 0.0495 0.0723
9 0.2858 0.6932 0.0431 0.0723
9 0.2517 0.4862 0.0386 0.0922
9 0.3532 0.5061 0.0272 0.0588
9 0.3185 0.5915 0.0631 0.1136
9 0.2856 0.5498 0.0227 0.0636
9 0.2227 0.4258 0.0468 0.1096
9 0.227 0.3571 0.0291 0.0834
9 0.1968 0.3869 0.0313 0.1112
9 0.3462 0.5629 0.0431 0.0723
9 0.439 0.3166 0.0263 0.0818
9 0.7663 0.2276 0.0372 0.0977
