0 0.7301 0.7974 0.1363 0.1302
0 0.7188 0.4849 0.0804 0.0677
0 0.5214 0.9641 0.0548 0.0719
0 0.4765 0.6365 0.0661 0.0833
0 0.1619 0.9438 0.1464 0.1125
0 0.0435 0.9562 0.0869 0.0875
0 0.2449 0.7604 0.0423 0.0271
0 0.3693 0.5151 0.0423 0.0365
0 0.0682 0.6078 0.0423 0.0781
0 0.086 0.6271 0.022 0.0625
0 0.0205 0.0896 0.0411 0.0417
0 0.433 0.2479 0.0327 0.0521
0 0.4298 0.5141 0.0321 0.0552
0 0.4036 0.5557 0.0512 0.0552
0 0.5265 0.5521 0.0256 0.0708
0 0.5235 0.4203 0.028 0.0177
0 0.6161 0.612 0.025 0.0219
0 0.7679 0.1078 0.0512 0.049
0 0.6238 0.025 0.0357 0.05
0 0.5089 0.0427 0.031 0.0542
0 0.3464 0.325 0.0345 0.0292
0 0.3295 0.3141 0.022 0.0781
0 0.2851 0.2646 0.0393 0.0792
0 0.8083 0.6208 0.0286 0.0667
0 0.8473 0.2161 0.022 0.049
0 0.6244 0.1349 0.031 0.0281
0 0.8426 0.8094 0.0256 0.0583
0 0.5795 0.2479 0.0137 0.0271
9 0.0301 0.0312 0.0601 0.0625
