0 0.6419 0.6694 0.1698 0.2042
0 0.1945 0.2658 0.1212 0.2153
9 0.6367 0.1712 0.1775 0.3424
0 0.3221 0.0806 0.0958 0.1613
0 0.4079 0.3516 0.1267 0.263
0 0.3898 0.5331 0.0849 0.2145
0 0.2663 0.4568 0.114 0.2225
0 0.2965 0.2578 0.0826 0.112
0 0.3062 0.3591 0.1103 0.3178
0 0.422 0.5073 0.113 0.1851
0 0.545 0.5979 0.0695 0.3043
0 0.4855 0.3528 0.1793 0.2876
0 0.4751 0.1259 0.0885 0.1041
0 0.7082 0.2975 0.1489 0.1772
0 0.7486 0.6606 0.1789 0.1565
0 0.6744 0.5267 0.0949 0.1446
0 0.6145 0.5387 0.1294 0.2336
0 0.5679 0.2185 0.0944 0.178
0 0.545 0.0628 0.1294 0.1144
0 0.9162 0.2952 0.1008 0.0707
0 0.8267 0.0759 0.1798 0.1517
