0 0.1108 0.5526 0.0608 0.1025
0 0.0293 0.1355 0.0586 0.0787
9 0.8406 0.5951 0.1149 0.0969
9 0.1877 0.6578 0.0549 0.1128
9 0.0522 0.6352 0.0345 0.0882
9 0.5028 0.721 0.034 0.0818
9 0.459 0.7794 0.0218 0.0842
9 0.5037 0.8163 0.044 0.0961
9 0.6059 0.752 0.0304 0.0993
9 0.6606 0.8692 0.059 0.1907
9 0.8941 0.7858 0.0368 0.1033
9 0.9699 0.7905 0.0602 0.1494
9 0.9676 0.9247 0.0648 0.1507
9 0.5745 0.9228 0.0468 0.1104
9 0.7682 0.9315 0.0281 0.1359
9 0.8839 0.9358 0.0554 0.1284
9 0.6515 0.8676 0.0536 0.1303
9 0.819 0.9366 0.0645 0.1269
9 0.6837 0.9437 0.0572 0.1126
9 0.7007 0.9672 0.0413 0.0657
