0 0.838 0.3329 0.324 0.2193
0 0.9109 0.1212 0.0849 0.0739
0 0.664 0.1104 0.1539 0.1875
0 0.5121 0.1037 0.1616 0.2074
0 0.4651 0.0898 0.1203 0.1796
0 0.385 0.2455 0.1035 0.116
0 0.1555 0.4417 0.1684 0.2558
0 0.2933 0.1243 0.1017 0.2487
0 0.2999 0.3627 0.1394 0.236
0 0.5595 0.5236 0.1766 0.1907
0 0.5282 0.8414 0.0967 0.2447
0 0.7493 0.5665 0.113 0.1827
0 0.6492 0.5693 0.2452 0.2519
0 0.6429 0.6745 0.2261 0.286
0 0.2708 0.5331 0.1258 0.1208
9 0.4776 0.406 0.1217 0.2908
9 0.5904 0.402 0.133 0.2097
0 0.2815 0.613 0.0608 0.1867
0 0.6254 0.2904 0.1031 0.1708
0 0.4038 0.4036 0.1367 0.2956
