0 0.6914 0.3528 0.1008 0.1716
0 0.5514 0.4108 0.1884 0.1541
0 0.368 0.6511 0.1512 0.1613
0 0.72 0.6141 0.099 0.151
0 0.4081 0.3102 0.049 0.0802
0 0.562 0.2562 0.1199 0.1819
0 0.6374 0.1998 0.0454 0.0596
0 0.1405 0.9439 0.0386 0.0461
0 0.1387 0.2236 0.0586 0.0421
0 0.3566 0.2705 0.0295 0.0326
0 0.3323 0.4918 0.03 0.0318
0 0.4229 0.4652 0.0168 0.0532
0 0.2561 0.7746 0.0935 0.1017
0 0.4563 0.6944 0.079 0.0922
0 0.412 0.1684 0.0359 0.0667
0 0.4733 0.2626 0.0468 0.0532
0 0.4504 0.3114 0.0508 0.0508
0 0.9566 0.2689 0.0445 0.0469
0 0.4858 0.2082 0.03 0.0397
0 0.5178 0.7599 0.0222 0.0755
0 0.9116 0.7393 0.0245 0.0342
0 0.9364 0.2773 0.0204 0.0191
9 0.0765 0.9548 0.0867 0.0903
9 0.7169 0.3059 0.0599 0.1017
9 0.301 0.2217 0.0944 0.1144
0 0.3396 0.2169 0.0409 0.0715
0 0.0325 0.8958 0.0649 0.1041
0 0.2256 0.5426 0.03 0.0604
