0 0.6074 0.7091 0.1562 0.2439
0 0.72 0.4981 0.1117 0.1367
0 0.4072 0.5045 0.0962 0.2145
0 0.2756 0.4207 0.1099 0.2677
0 0.3836 0.0842 0.079 0.1684
0 0.7384 0.6463 0.173 0.1486
0 0.5916 0.7202 0.1852 0.2058
0 0.6118 0.5236 0.1085 0.2924
9 0.809 0.3051 0.1598 0.1827
9 0.7164 0.1692 0.1998 0.3385
9 0.5561 0.1649 0.1934 0.3297
0 0.2091 0.0981 0.1094 0.1962
0 0.3784 0.2725 0.0686 0.1033
0 0.34 0.3563 0.0972 0.3043
0 0.434 0.2797 0.0763 0.1478
0 0.5857 0.522 0.1435 0.2066
0 0.5593 0.3726 0.1081 0.1764
0 0.7818 0.0421 0.1716 0.0842
0 0.4665 0.4115 0.1031 0.2511
0 0.4281 0.4322 0.1353 0.143
