0 0.8056 0.3643 0.1348 0.2121
0 0.5775 0.2848 0.1108 0.0834
0 0.4914 0.1625 0.0804 0.0707
0 0.2565 0.1188 0.1117 0.112
0 0.3217 0.224 0.0749 0.0572
0 0.3839 0.2348 0.0913 0.1025
0 0.4699 0.3055 0.0763 0.1374
0 0.4785 0.2646 0.0953 0.0636
9 0.792 0.5915 0.1548 0.209
9 0.5459 0.8692 0.0931 0.081
9 0.9569 0.6598 0.0861 0.1247
9 0.8739 0.9493 0.0881 0.1014
9 0.9293 0.9469 0.118 0.1062
9 0.0148 0.7448 0.0295 0.1279
9 0.0429 0.4727 0.0368 0.1144
9 0.4712 0.7933 0.059 0.1216
9 0.6494 0.9632 0.0613 0.0736
9 0.6011 0.9699 0.0418 0.0601
