9 0.696 0.114 0.1035 0.228
9 0.2275 0.4755 0.1035 0.201
9 0.7423 0.6543 0.1071 0.1597
0 0.518 0.744 0.0699 0.3361
0 0.3693 0.5506 0.0577 0.2002
0 0.2835 0.4453 0.0785 0.2948
0 0.2515 0.0787 0.0726 0.1573
0 0.4231 0.1565 0.1062 0.1128
0 0.6774 0.2987 0.089 0.1716
0 0.6397 0.5077 0.0536 0.1351
0 0.6399 0.6316 0.1848 0.1907
0 0.6025 0.0938 0.079 0.1875
0 0.2699 0.2634 0.0658 0.0993
0 0.4043 0.0632 0.0331 0.1263
0 0.4917 0.4258 0.187 0.2876
0 0.5984 0.7146 0.178 0.1819
0 0.3491 0.3547 0.1008 0.3027
0 0.4824 0.3353 0.1766 0.2129
0 0.4728 0.1374 0.0749 0.0763
0 0.6018 0.5359 0.1975 0.2248
0 0.4567 0.2419 0.04 0.1994
0 0.4533 0.0445 0.1012 0.089
0 0.5048 0.0739 0.0191 0.1478
0 0.4011 0.7297 0.0513 0.2868
