9 0.5955 0.1165 0.047 0.111
9 0.7303 0.2936 0.0451 0.1101
9 0.3185 0.239 0.0715 0.1257
9 0.4681 0.3295 0.0595 0.0999
9 0.5802 0.5166 0.0355 0.1215
9 0.435 0.3919 0.0591 0.1025
9 0.6198 0.2238 0.0594 0.0982
9 0.6711 0.2989 0.0362 0.0971
9 0.3531 0.0378 0.0375 0.0756
9 0.4647 0.1788 0.051 0.1049
9 0.4959 0.428 0.0589 0.1076
9 0.6267 0.4453 0.0339 0.0955
9 0.5603 0.2406 0.0717 0.1159
0 0.4548 0.4935 0.0252 0.0209
9 0.562 0.375 0.0615 0.1607
9 0.0422 0.2234 0.0809 0.0891
9 0.5015 0.2472 0.0617 0.1072
9 0.2969 0.1423 0.049 0.1339
9 0.6809 0.3924 0.0214 0.0969
9 0.4033 0.3658 0.0636 0.1092
9 0.4868 0.0399 0.0385 0.0791
9 0.2242 0.1989 0.0287 0.0421
0 0.7973 0.5586 0.0846 0.0451
9 0.4818 0.042 0.0579 0.084
9 0.6773 0.3941 0.0305 0.0915
9 0.1222 0.1878 0.0239 0.0626
9 0.4162 0.3774 0.0882 0.1276
2 0.6386 0.7853 0.2925 0.1666
0 0.1412 0.2657 0.0281 0.0425
9 0.5694 0.3169 0.0597 0.0578
9 0.522 0.1619 0.0508 0.0489
9 0.5571 0.2629 0.078 0.1588
9 0.657 0.582 0.0274 0.1497
9 0.4956 0.041 0.0479 0.0818
0 0.0413 0.2239 0.0821 0.0896
9 0.6586 0.5801 0.0195 0.1517
9 0.6687 0.3938 0.0434 0.0922
9 0.5283 0.2787 0.0467 0.1214
9 0.6795 0.3936 0.0158 0.0916
0 0.1452 0.5073 0.058 0.0762
9 0.5129 0.0086 0.0434 0.0171
9 0.668 0.285 0.0264 0.0653
0 0.6165 0.5042 0.0217 0.026
9 0.6696 0.2938 0.0298 0.0814
0 0.545 0.5477 0.0236 0.0238
9 0.5297 0.1651 0.0352 0.0426
9 0.4615 0.0399 0.0276 0.0767
9 0.5348 0.2631 0.0528 0.1566
0 0.8281 0.5572 0.0311 0.0269
9 0.5017 0.0096 0.0475 0.0193
9 0.5116 0.1567 0.0583 0.0548
