9 0.2507 0.5188 0.0497 0.1211
9 0.3621 0.4542 0.0274 0.0864
9 0.529 0.3913 0.0871 0.167
9 0.5014 0.2035 0.0443 0.1849
9 0.4624 0.2394 0.0484 0.0973
9 0.6347 0.1843 0.0293 0.0905
9 0.6688 0.0902 0.0312 0.1045
9 0.6196 0.2822 0.0474 0.0902
0 0.0886 0.379 0.0443 0.0607
9 0.6075 0.3628 0.0691 0.0952
0 0.3188 0.4061 0.0391 0.1006
9 0.3188 0.4059 0.0394 0.0998
9 0.5639 0.0719 0.0516 0.1389
0 0.7172 0.523 0.0213 0.0401
0 0.8098 0.355 0.0206 0.063
9 0.5262 0.4123 0.0607 0.1137
0 0.7597 0.4546 0.025 0.0346
9 0.5775 0.1897 0.0504 0.0836
9 0.6003 0.2188 0.0428 0.0671
9 0.3516 0.1667 0.0243 0.1235
9 0.5572 0.2812 0.0603 0.0859
