0 0.1764 0.1075 0.1273 0.079
9 0.1228 0.9076 0.1793 0.1841
9 0.7004 0.4569 0.2258 0.4194
9 0.2685 0.9139 0.1953 0.1702
9 0.376 0.9741 0.1687 0.0518
9 0.8661 0.6293 0.1577 0.4269
9 0.0846 0.6369 0.1691 0.3169
1 0.58 0.261 0.2813 0.4605
9 0.9595 0.2759 0.081 0.3921
9 0.3067 0.5251 0.2665 0.4097
1 0.7755 0.2898 0.0828 0.3385
9 0.888 0.5886 0.1457 0.4908
9 0.0493 0.8463 0.0986 0.305
1 0.2127 0.6626 0.0935 0.149
9 0.8954 0.4478 0.1373 0.2025
9 0.3469 0.8856 0.0422 0.1024
0 0.896 0.4495 0.1379 0.2016
0 0.9597 0.2924 0.0806 0.3675
9 0.1076 0.5791 0.2121 0.4313
1 0.7714 0.3403 0.095 0.4423
9 0.0695 0.7358 0.1391 0.5165
1 0.3061 0.5287 0.2638 0.3834
1 0.6536 0.2461 0.1314 0.1956
