0 0.9256 0.5146 0.1488 0.1458
0 0.7399 0.3068 0.1548 0.1115
0 0.5658 0.276 0.203 0.1458
0 0.0577 0.7432 0.1155 0.1427
0 0.036 0.8766 0.072 0.101
0 0.1488 0.9734 0.0548 0.0531
0 0.542 0.625 0.0363 0.0938
0 0.6824 0.6667 0.0435 0.0333
0 0.3592 0.8177 0.0613 0.1
0 0.3503 0.5292 0.0399 0.0354
0 0.3065 0.1359 0.031 0.049
0 0.5539 0.0828 0.0351 0.0281
0 0.7036 0.0729 0.0381 0.0562
0 0.9211 0.0151 0.0351 0.0302
0 0.644 0.0146 0.0321 0.0292
0 0.6161 0.3073 0.0262 0.0521
0 0.592 0.3115 0.0232 0.0292
0 0.5006 0.2266 0.0452 0.0469
0 0.403 0.2141 0.0488 0.0427
0 0.3283 0.2141 0.0327 0.0281
0 0.647 0.4297 0.019 0.026
0 0.2705 0.4479 0.0161 0.0562
0 0.1205 0.3922 0.0363 0.0448
0 0.3185 0.4849 0.0298 0.051
0 0.2446 0.5839 0.0298 0.0427
0 0.1393 0.5807 0.0333 0.0302
0 0.4268 0.7156 0.0833 0.1104
0 0.7872 0.7625 0.0387 0.1625
0 0.1467 0.6307 0.0173 0.0448
0 0.2774 0.5714 0.0274 0.0281
0 0.3899 0.4974 0.0488 0.0531
0 0.6863 0.5984 0.0119 0.0552
0 0.7155 0.6083 0.0167 0.0479
0 0.8685 0.7292 0.0298 0.025
0 0.7158 0.8406 0.028 0.0188
0 0.3229 0.413 0.0268 0.0823
0 0.7515 0.4448 0.0327 0.0438
0 0.3807 0.9146 0.028 0.0229
0 0.3774 0.9005 0.0107 0.0365
0 0.181 0.8438 0.0095 0.0417
0 0.2929 0.7057 0.0131 0.0406
0 0.2932 0.5281 0.0137 0.0417
9 0.453 0.9339 0.1 0.0906
9 0.5324 0.7693 0.0482 0.0594
9 0.647 0.612 0.0548 0.0656
9 0.6033 0.4802 0.0304 0.05
9 0.3449 0.6099 0.0268 0.0927
9 0.1917 0.362 0.1036 0.1531
0 0.2381 0.3078 0.019 0.0781
0 0.275 0.2495 0.0226 0.0594
9 0.1744 0.7646 0.1214 0.1771
