9 0.3617 0.2938 0.1124 0.25
9 0.1935 0.4774 0.1325 0.2859
9 0.0996 0.5347 0.1993 0.3349
9 0.7511 0.3154 0.2165 0.2057
9 0.7178 0.4437 0.2531 0.3164
9 0.0278 0.1983 0.0556 0.1775
9 0.0529 0.772 0.1058 0.2693
9 0.186 0.8974 0.2705 0.2052
9 0.489 0.2226 0.0379 0.2276
9 0.3851 0.049 0.2147 0.098
9 0.2341 0.1389 0.1914 0.2623
9 0.624 0.0614 0.1215 0.1164
9 0.7498 0.1096 0.0904 0.2191
9 0.3216 0.5976 0.1759 0.3881
9 0.9281 0.282 0.1437 0.2755
9 0.5469 0.1211 0.1381 0.2146
0 0.4127 0.1312 0.0608 0.1265
0 0.4583 0.0988 0.0357 0.1157
9 0.1034 0.3329 0.0622 0.1674
9 0.5765 0.4853 0.3126 0.4938
9 0.4755 0.4387 0.093 0.2647
