9 0.7154 0.3808 0.3126 0.4113
9 0.9032 0.3642 0.1936 0.2948
9 0.5514 0.2114 0.1936 0.2623
9 0.7114 0.5849 0.2897 0.2022
9 0.4839 0.6042 0.2579 0.304
9 0.3966 0.409 0.1495 0.3364
9 0.3997 0.206 0.1071 0.2176
9 0.2039 0.6917 0.22 0.3248
9 0.106 0.3684 0.2121 0.3063
9 0.2152 0.1061 0.0503 0.2122
9 0.1221 0.0818 0.1429 0.1636
9 0.2551 0.2577 0.0728 0.2299
9 0.0728 0.6385 0.1455 0.2492
9 0.5011 0.1049 0.1265 0.2099
9 0.6373 0.2257 0.175 0.2616
9 0.3148 0.3866 0.1349 0.2747
9 0.3265 0.6983 0.1874 0.2731
