9 0.6258 0.6654 0.2129 0.263
9 0.6892 0.3238 0.0999 0.1565
9 0.2801 0.6157 0.0436 0.2161
9 0.2211 0.1649 0.0999 0.2391
0 0.6074 0.0727 0.1326 0.1454
0 0.8213 0.2936 0.1416 0.1629
0 0.4313 0.4338 0.1671 0.3861
0 0.3475 0.1267 0.1475 0.2534
0 0.1391 0.1744 0.0722 0.2105
0 0.291 0.3627 0.0608 0.2948
0 0.2583 0.5025 0.1426 0.1073
0 0.3907 0.5458 0.0722 0.1954
0 0.5019 0.1132 0.0758 0.1057
0 0.4147 0.232 0.0849 0.1033
0 0.7416 0.2793 0.0858 0.2121
0 0.617 0.4092 0.079 0.1923
0 0.5185 0.373 0.1162 0.3265
0 0.6985 0.4727 0.153 0.197
0 0.521 0.8056 0.1158 0.2606
