9 0.8018 0.4306 0.0872 0.2606
9 0.6472 0.3273 0.0686 0.2034
9 0.4513 0.7226 0.1789 0.1724
9 0.372 0.8972 0.1766 0.2055
9 0.0822 0.8592 0.1643 0.2201
9 0.0449 0.4723 0.0899 0.1231
9 0.1292 0.0902 0.0431 0.1438
9 0.6964 0.0576 0.089 0.1152
9 0.841 0.0612 0.1094 0.1224
9 0.5094 0.087 0.0636 0.174
9 0.4701 0.2781 0.0831 0.1986
9 0.5475 0.3385 0.0327 0.1573
9 0.4939 0.3345 0.0454 0.1811
9 0.4159 0.1478 0.0354 0.178
9 0.3639 0.3913 0.0504 0.209
9 0.3362 0.3242 0.084 0.2431
9 0.1276 0.3853 0.1081 0.1557
9 0.0729 0.1498 0.0758 0.1088
9 0.1632 0.5828 0.0858 0.2153
9 0.1006 0.7405 0.1121 0.1668
9 0.4821 0.0866 0.0708 0.1732
9 0.266 0.0818 0.0817 0.1637
9 0.2427 0.686 0.1003 0.2201
9 0.2154 0.4409 0.1176 0.2606
9 0.1991 0.2574 0.0794 0.2272
9 0.3148 0.3472 0.1394 0.2336
9 0.271 0.1077 0.0336 0.1867
