9 0.9218 0.2495 0.1076 0.2018
9 0.6301 0.4255 0.0763 0.1359
9 0.5405 0.516 0.1067 0.1327
9 0.8599 0.8406 0.079 0.1303
9 0.8969 0.9652 0.0459 0.0697
9 0.5219 0.6801 0.0268 0.1382
9 0.496 0.6404 0.0222 0.0794
9 0.4458 0.5915 0.0209 0.0882
9 0.1416 0.3563 0.0436 0.1025
9 0.0465 0.8787 0.0931 0.1796
9 0.2134 0.5474 0.0654 0.1001
9 0.2066 0.3766 0.0336 0.0858
9 0.2315 0.4668 0.049 0.093
9 0.2558 0.5534 0.044 0.0882
0 0.0933 0.5176 0.0431 0.0532
0 0.0997 0.1478 0.0531 0.0445
9 0.5001 0.4652 0.0513 0.0755
