9 0.0981 0.6598 0.0676 0.128
9 0.5153 0.4118 0.0791 0.0919
9 0.66 0.1524 0.0593 0.1002
9 0.5584 0.1029 0.0601 0.2058
9 0.2706 0.4376 0.108 0.1332
9 0.4036 0.4299 0.1006 0.126
9 0.6146 0.4437 0.0552 0.0765
9 0.5304 0.2607 0.0943 0.1181
9 0.5624 0.3653 0.0585 0.1291
9 0.663 0.2985 0.0411 0.17
9 0.5593 0.4789 0.0369 0.1362
9 0.5362 0.2796 0.0826 0.0819
9 0.5829 0.2214 0.0278 0.0754
9 0.3786 0.2461 0.0523 0.1166
9 0.1493 0.5598 0.0496 0.0929
9 0.666 0.3427 0.0387 0.0792
0 0.0117 0.2371 0.0233 0.0521
0 0.5843 0.2191 0.0297 0.0762
