0 0.8322 0.7484 0.1489 0.2097
0 0.7066 0.4044 0.0794 0.1414
0 0.7473 0.1585 0.0726 0.1263
0 0.6442 0.1347 0.059 0.12
0 0.5623 0.1573 0.0885 0.1049
0 0.4515 0.2093 0.1975 0.1883
0 0.2127 0.4294 0.2992 0.2296
0 0.3668 0.2832 0.1308 0.1867
0 0.5704 0.3412 0.0767 0.2662
0 0.4828 0.3694 0.0849 0.1319
0 0.2974 0.9056 0.3623 0.1888
0 0.1911 0.6769 0.2688 0.2717
0 0.6774 0.669 0.237 0.1986
0 0.4842 0.599 0.1385 0.1716
0 0.5035 0.0413 0.0291 0.0826
0 0.5754 0.1891 0.2029 0.1589
0 0.4297 0.5208 0.0604 0.2709
0 0.3453 0.6141 0.0595 0.1525
9 0.7232 0.8516 0.2406 0.2969
9 0.7026 0.7937 0.2919 0.2304
0 0.488 0.5764 0.1199 0.2916
