0 0.1514 0.266 0.0403 0.0598
0 0.0488 0.1416 0.0562 0.0481
0 0.0147 0.1437 0.0293 0.0395
0 0.0183 0.2179 0.0366 0.0491
0 0.116 0.179 0.0354 0.0331
0 0.1252 0.2083 0.0232 0.0363
0 0.1789 0.1432 0.0403 0.0385
0 0.1465 0.0988 0.0379 0.0374
0 0.08 0.0198 0.0525 0.0395
0 0.0165 0.0214 0.033 0.0427
0 0.054 0.0748 0.0397 0.0363
0 0.0177 0.0614 0.0354 0.0331
0 0.0769 0.071 0.0269 0.0417
0 0.2546 0.1234 0.0281 0.0353
0 0.232 0.2842 0.0232 0.0363
0 0.2076 0.2682 0.0256 0.0406
0 0.1477 0.3221 0.0244 0.0267
0 0.1774 0.3275 0.0287 0.0224
0 0.2711 0.1875 0.0244 0.0267
0 0.2186 0.0929 0.0256 0.0278
0 0.1807 0.1068 0.0256 0.0278
0 0.279 0.2217 0.022 0.0267
0 0.3645 0.3007 0.0208 0.0224
0 0.3141 0.2767 0.0201 0.0278
0 0.275 0.3291 0.0263 0.0278
4 0.4567 0.5865 0.3883 0.7607
