6 0.189 0.638 0.078 0.0969
6 0.3732 0.7141 0.1405 0.1573
6 0.6033 0.7641 0.097 0.0677
0 0.6491 0.8854 0.028 0.0146
0 0.5372 0.6948 0.0637 0.0896
6 0.6042 0.6734 0.1595 0.1781
6 0.5486 0.4865 0.2337 0.2457
6 0.922 0.3297 0.156 0.251
6 0.7113 0.7896 0.1881 0.175
0 0.6533 0.7943 0.0446 0.0677
0 0.7217 0.8156 0.0161 0.0542
0 0.7372 0.8047 0.0089 0.0385
0 0.5238 0.9479 0.0167 0.0208
6 0.4656 0.8501 0.1843 0.231
6 0.2796 0.4834 0.1818 0.2127
6 0.0598 0.287 0.1196 0.126
6 0.0729 0.0969 0.0387 0.0854
6 0.1134 0.0516 0.2268 0.1031
6 0.2762 0.1641 0.35 0.1844
6 0.7464 0.9615 0.0512 0.0771
6 0.6298 0.8656 0.1774 0.15
6 0.5521 0.7672 0.0911 0.0885
0 0.206 0.6573 0.0429 0.0521
0 0.2851 0.7438 0.0726 0.0729
0 0.1774 0.7109 0.0202 0.0177
0 0.0938 0.6599 0.0268 0.0323
0 0.0863 0.6089 0.019 0.0156
0 0.0042 0.526 0.0083 0.0188
0 0.1497 0.6766 0.0208 0.026
6 0.0417 0.6469 0.0833 0.1417
6 0.1156 0.6527 0.0426 0.0946
6 0.0807 0.624 0.0815 0.0833
6 0.1637 0.6557 0.0714 0.101
0 0.8994 0.9531 0.0583 0.0938
0 0.4134 0.951 0.0161 0.0208
0 0.3774 0.5328 0.0131 0.0156
0 0.067 0.6807 0.0137 0.0156
6 0.3732 0.0766 0.4417 0.1531
6 0.4857 0.0198 0.0702 0.0396
0 0.5994 0.9646 0.0155 0.0125
