0 0.1553 0.326 0.144 0.1214
0 0.103 0.4515 0.1198 0.101
0 0.2447 0.7102 0.2379 0.1408
0 0.2043 0.5832 0.1039 0.0929
0 0.3622 0.1954 0.1068 0.101
0 0.4938 0.3301 0.0726 0.05
0 0.5106 0.3888 0.0579 0.0429
0 0.5764 0.4031 0.036 0.0653
0 0.626 0.3582 0.049 0.0857
0 0.6313 0.4842 0.0561 0.0908
0 0.6921 0.4939 0.0643 0.0755
0 0.3669 0.4878 0.0643 0.0959
0 0.4179 0.4847 0.0543 0.0939
0 0.4504 0.6245 0.1169 0.102
0 0.5254 0.7077 0.137 0.1255
0 0.6986 0.1985 0.1068 0.0929
0 0.8002 0.2577 0.173 0.1031
0 0.9082 0.2781 0.1198 0.1398
0 0.4787 0.948 0.0909 0.0694
0 0.5705 0.875 0.1104 0.0969
0 0.7125 0.7403 0.059 0.1031
9 0.9764 0.5352 0.046 0.0561
