0 0.8055 0.476 0.1234 0.1031
0 0.8442 0.6245 0.1947 0.1347
0 0.8466 0.3816 0.0224 0.0653
0 0.8988 0.3378 0.0915 0.0918
0 0.7716 0.8444 0.0955 0.1214
0 0.6107 0.8959 0.1055 0.1082
0 0.5445 0.7271 0.1814 0.1255
0 0.9133 0.8016 0.0636 0.0765
0 0.9442 0.8985 0.0514 0.0908
0 0.9675 0.7602 0.0638 0.0755
9 0.0308 0.7628 0.0494 0.0582
0 0.1819 0.7663 0.1522 0.0939
0 0.2712 0.2057 0.1035 0.1111
0 0.2588 0.376 0.094 0.0908
0 0.5232 0.3378 0.1226 0.098
0 0.6674 0.4071 0.0466 0.0898
0 0.5206 0.526 0.094 0.0909
0 0.4642 0.4858 0.0647 0.0673
0 0.8409 0.1036 0.0254 0.048
9 0.7344 0.4852 0.0248 0.0541
9 0.6806 0.5939 0.0189 0.0388
