6 0.5332 0.7696 0.1569 0.1704
0 0.461 0.8042 0.0137 0.0188
0 0.3756 0.6938 0.0214 0.0208
6 0.8236 0.7996 0.2032 0.1742
0 0.9533 0.9562 0.0375 0.0667
0 0.6708 0.8052 0.0369 0.0375
6 0.2277 0.0552 0.2518 0.1104
6 0.2688 0.1484 0.303 0.2073
6 0.0298 0.3812 0.0595 0.1062
6 0.0619 0.2736 0.1226 0.1237
6 0.5382 0.0453 0.3712 0.0906
6 0.428 0.0536 0.0762 0.1073
6 0.9682 0.3797 0.0637 0.1865
0 0.6488 0.9052 0.0274 0.0229
0 0.5232 0.9573 0.0107 0.0271
0 0.2497 0.6542 0.0375 0.0562
6 0.0506 0.6188 0.1012 0.1562
6 0.1083 0.6177 0.069 0.0979
0 0.1024 0.5943 0.0143 0.0156
0 0.0399 0.5182 0.0143 0.0135
0 0.0363 0.5557 0.0119 0.0177
0 0.0042 0.5943 0.0083 0.0177
0 0.0176 0.6443 0.0149 0.0177
0 0.0188 0.6771 0.0173 0.0188
0 0.2938 0.7333 0.0792 0.0625
0 0.3318 0.7682 0.0196 0.0406
0 0.417 0.824 0.0113 0.0188
6 0.5646 0.8688 0.0815 0.0979
6 0.3732 0.7141 0.1405 0.1573
6 0.564 0.6625 0.2446 0.2021
6 0.7202 0.8078 0.1571 0.224
6 0.4783 0.8073 0.2149 0.2083
6 0.3054 0.5141 0.1893 0.2323
0 0.5387 0.6438 0.0607 0.0479
0 0.4048 0.5495 0.0167 0.026
0 0.3435 0.7422 0.0095 0.0219
0 0.7896 0.8146 0.0315 0.0188
0 0.7908 0.8026 0.0244 0.0094
6 0.5503 0.4547 0.2589 0.249
6 0.1869 0.662 0.094 0.1365
6 0.189 0.638 0.078 0.0969
6 0.369 0.4854 0.0988 0.0812
6 0.814 0.9625 0.1137 0.075
