6 0.5449 0.7974 0.1688 0.1643
6 0.1859 0.5788 0.0549 0.0707
6 0.5698 0.9025 0.089 0.0906
0 0.1391 0.6809 0.0195 0.0318
6 0.1026 0.6094 0.1017 0.1398
6 0.4585 0.4155 0.2892 0.2264
6 0.5702 0.6318 0.1679 0.2031
6 0.7087 0.6839 0.0754 0.1113
6 0.917 0.6813 0.1625 0.1793
6 0.875 0.4732 0.25 0.2527
6 0.7168 0.0704 0.3127 0.1404
6 0.4875 0.0927 0.1654 0.1833
6 0.161 0.3644 0.0899 0.1121
6 0.0691 0.1998 0.1383 0.1872
6 0.3273 0.0936 0.0761 0.0955
0 0.3396 0.4526 0.022 0.0115
0 0.3534 0.6657 0.0234 0.0313
0 0.3881 0.6609 0.0107 0.0219
0 0.6008 0.7263 0.0337 0.0567
0 0.4943 0.6021 0.0804 0.0917
0 0.4908 0.8281 0.0101 0.0208
0 0.606 0.9113 0.0178 0.0336
0 0.6386 0.9503 0.012 0.0286
0 0.0378 0.5318 0.0161 0.0177
0 0.0512 0.6181 0.019 0.0237
6 0.1924 0.6416 0.2558 0.1792
0 0.3107 0.6698 0.0345 0.0542
0 0.2622 0.6443 0.0851 0.0948
0 0.2068 0.6214 0.0125 0.024
0 0.1378 0.5807 0.0161 0.0177
0 0.136 0.549 0.0161 0.0167
0 0.0827 0.6182 0.0167 0.0219
0 0.0158 0.6208 0.0113 0.0229
0 0.0509 0.6667 0.0125 0.0229
0 0.5071 0.7675 0.1646 0.0868
6 0.3097 0.4637 0.1907 0.0983
