0 0.1066 0.6194 0.0124 0.0163
6 0.9333 0.6689 0.1334 0.1867
6 0.8273 0.4633 0.3453 0.2327
6 0.7341 0.125 0.3276 0.25
6 0.5266 0.1362 0.1665 0.1949
6 0.3625 0.123 0.072 0.0724
6 0.0174 0.2862 0.0348 0.1071
6 0.4097 0.4143 0.2043 0.2102
6 0.2214 0.3776 0.0661 0.1061
6 0.0679 0.2179 0.0673 0.1337
6 0.1613 0.6 0.1549 0.1837
6 0.4478 0.7316 0.1494 0.098
6 0.2424 0.4801 0.192 0.097
0 0.4516 0.5719 0.0579 0.0969
0 0.4773 0.6056 0.0289 0.05
0 0.6263 0.7474 0.0307 0.0194
0 0.6175 0.9311 0.0106 0.0255
0 0.253 0.6332 0.0856 0.0643
0 0.634 0.9704 0.0142 0.0265
0 0.3232 0.6724 0.0384 0.0592
0 0.3687 0.6362 0.0136 0.0214
0 0.3403 0.6454 0.0148 0.0235
0 0.2922 0.6959 0.0153 0.0245
0 0.0375 0.5648 0.0112 0.0214
6 0.7031 0.6765 0.1192 0.1082
6 0.5854 0.648 0.1636 0.1817
0 0.4941 0.8296 0.0118 0.0224
0 0.1561 0.6694 0.0148 0.0306
0 0.1408 0.5327 0.01 0.0204
0 0.0936 0.602 0.0124 0.0184
0 0.0865 0.674 0.0124 0.0214
0 0.134 0.5541 0.0165 0.0224
6 0.5509 0.8117 0.1265 0.1663
6 0.3961 0.6699 0.1311 0.0704
6 0.5791 0.7862 0.0897 0.1276
