0 0.0697 0.4786 0.1226 0.098
0 0.9253 0.6015 0.1482 0.1276
0 0.7358 0.8367 0.134 0.1224
0 0.5891 0.7362 0.1169 0.101
0 0.3285 0.9041 0.0821 0.1408
0 0.4051 0.7398 0.197 0.1408
0 0.0581 0.7495 0.1116 0.099
9 0.8385 0.6087 0.0277 0.048
9 0.1313 0.7173 0.0277 0.0469
0 0.2268 0.6077 0.0836 0.0785
0 0.4431 0.5413 0.094 0.0909
0 0.4564 0.4684 0.0647 0.0673
0 0.4614 0.3449 0.0819 0.0857
0 0.5419 0.374 0.0614 0.0765
0 0.6104 0.3403 0.1086 0.0949
0 0.1672 0.3837 0.1214 0.1061
0 0.7445 0.4847 0.0778 0.0897
0 0.7902 0.2699 0.0642 0.1234
0 0.6741 0.5408 0.0224 0.0653
