6 0.5449 0.7974 0.1688 0.1643
6 0.9432 0.4516 0.1137 0.1615
6 0.8647 0.7007 0.1687 0.1868
6 0.1068 0.1682 0.2137 0.199
6 0.113 0.3719 0.0899 0.1121
6 0.0393 0.2521 0.0786 0.0771
6 0.2735 0.0969 0.0756 0.0792
6 0.4787 0.0641 0.1724 0.1281
6 0.7259 0.025 0.3208 0.05
6 0.672 0.713 0.1083 0.1198
6 0.4915 0.427 0.2569 0.2268
6 0.3529 0.4779 0.1999 0.11
6 0.5516 0.6371 0.1532 0.195
0 0.5238 0.6062 0.0619 0.0438
0 0.6236 0.9095 0.0127 0.0357
0 0.6658 0.8844 0.0244 0.0438
0 0.5693 0.9297 0.0185 0.0302
6 0.5667 0.8854 0.1214 0.0875
0 0.3607 0.6766 0.0167 0.0219
0 0.3667 0.474 0.025 0.0229
6 0.1607 0.5583 0.0464 0.0875
0 0.258 0.6844 0.0839 0.0938
0 0.2905 0.6583 0.0333 0.0542
0 0.3295 0.6885 0.0196 0.0292
0 0.0048 0.5552 0.0095 0.0188
0 0.0595 0.6151 0.0131 0.0219
6 0.2659 0.6397 0.214 0.1731
0 0.1045 0.5375 0.0125 0.0167
0 0.1015 0.5672 0.0101 0.024
6 0.0741 0.6 0.1482 0.1625
0 0.1158 0.6677 0.0077 0.0167
0 0.0708 0.6646 0.0119 0.0208
0 0.0357 0.6271 0.0095 0.0208
0 0.6006 0.7781 0.0179 0.05
0 0.4223 0.7917 0.0161 0.0458
6 0.4545 0.7594 0.0696 0.1562
0 0.192 0.5885 0.0161 0.0188
