0 0.3232 0.6724 0.0384 0.0592
0 0.4941 0.8296 0.0118 0.0224
0 0.2535 0.6301 0.0797 0.0622
0 0.0921 0.6046 0.0142 0.0194
6 0.8684 0.4745 0.2633 0.2286
6 0.7184 0.0949 0.3235 0.1898
6 0.5084 0.101 0.1698 0.1959
6 0.3468 0.1015 0.0702 0.099
6 0.9262 0.6791 0.1476 0.1826
6 0.7155 0.6847 0.0838 0.1061
6 0.0821 0.2173 0.085 0.1347
6 0.0493 0.252 0.0986 0.1388
6 0.4472 0.4184 0.2085 0.2245
6 0.5791 0.6342 0.1712 0.2031
6 0.3374 0.6617 0.1164 0.0663
6 0.2772 0.4745 0.1812 0.1061
6 0.1936 0.373 0.0779 0.0949
6 0.4843 0.7516 0.1646 0.0868
0 0.6048 0.9036 0.0112 0.0296
0 0.5416 0.6776 0.0466 0.049
6 0.1662 0.6209 0.1812 0.1643
6 0.5783 0.9209 0.074 0.0868
0 0.6308 0.9622 0.0289 0.0347
0 0.041 0.5444 0.0218 0.0214
0 0.1402 0.5408 0.0148 0.0184
0 0.1432 0.5888 0.0171 0.0204
0 0.3506 0.652 0.0236 0.0327
0 0.3763 0.6454 0.0195 0.0214
0 0.4753 0.5934 0.0742 0.099
0 0.6355 0.7301 0.0124 0.0214
0 0.1458 0.6816 0.0248 0.0367
0 0.0818 0.674 0.0124 0.0235
0 0.0691 0.6347 0.013 0.0245
0 0.0466 0.6612 0.013 0.0224
6 0.5449 0.7974 0.1688 0.1643
