6 0.0506 0.6188 0.1012 0.1562
6 0.1083 0.6177 0.069 0.0979
6 0.1869 0.662 0.094 0.1365
6 0.189 0.638 0.078 0.0969
0 0.4768 0.8573 0.0119 0.0271
6 0.7705 0.3005 0.2407 0.2467
6 0.969 0.8445 0.062 0.1096
6 0.5119 0.4763 0.2474 0.2455
6 0.5443 0.7579 0.2143 0.1033
6 0.5269 0.8473 0.1839 0.1835
0 0.5137 0.7651 0.0567 0.081
0 0.5634 0.7305 0.0363 0.0183
0 0.5459 0.6713 0.0359 0.0159
0 0.1362 0.7178 0.02 0.0135
0 0.1323 0.6892 0.0141 0.0199
0 0.2038 0.6666 0.0091 0.0222
0 0.2715 0.7177 0.0128 0.0324
0 0.2853 0.8183 0.0222 0.0302
0 0.0901 0.6292 0.025 0.0286
0 0.1487 0.6205 0.0368 0.0731
0 0.4168 0.9145 0.0145 0.0222
0 0.6292 0.466 0.0127 0.0501
6 0.0484 0.2793 0.0967 0.1168
6 0.379 0.0493 0.1709 0.0985
6 0.6873 0.0361 0.1489 0.0723
6 0.2969 0.7353 0.1653 0.1772
6 0.5888 0.6368 0.2234 0.2137
6 0.4454 0.9115 0.1889 0.1769
6 0.2349 0.5042 0.2337 0.2139
0 0.0343 0.6173 0.0186 0.0191
0 0.0109 0.638 0.0118 0.0175
0 0.2392 0.765 0.0616 0.0713
0 0.6276 0.9862 0.0286 0.0275
6 0.173 0.1077 0.3459 0.2153
6 0.3825 0.147 0.3137 0.1589
