6 0.5332 0.7696 0.1569 0.1704
6 0.5679 0.8922 0.1179 0.0865
6 0.4795 0.0568 0.166 0.1135
6 0.6652 0.7208 0.0708 0.1271
6 0.5644 0.6413 0.1783 0.2029
0 0.1009 0.5312 0.0161 0.0188
6 0.073 0.5814 0.146 0.1731
6 0.1482 0.562 0.0452 0.099
6 0.2033 0.625 0.1327 0.0958
6 0.8557 0.7109 0.172 0.1885
6 0.9622 0.4245 0.0756 0.1573
0 0.4122 0.7932 0.0196 0.0385
0 0.5708 0.9214 0.0202 0.0302
0 0.6095 0.9177 0.0095 0.0333
0 0.5318 0.6026 0.072 0.049
0 0.1955 0.5917 0.0113 0.0167
0 0.3283 0.7177 0.0173 0.0333
0 0.0455 0.6286 0.0113 0.0177
0 0.0854 0.5682 0.0161 0.0198
6 0.1262 0.1495 0.2524 0.199
6 0.2539 0.0786 0.0732 0.0948
6 0.5158 0.4266 0.2256 0.226
0 0.2804 0.6568 0.0393 0.0615
6 0.0982 0.3625 0.0869 0.1104
6 0.0429 0.2422 0.0857 0.1052
0 0.3857 0.4938 0.0274 0.0229
0 0.5994 0.8073 0.0238 0.0333
6 0.4446 0.75 0.0452 0.1521
6 0.3607 0.4656 0.1619 0.0979
0 0.3589 0.6792 0.0179 0.0188
6 0.2935 0.6266 0.194 0.1719
0 0.2682 0.7068 0.0815 0.0781
0 0.6699 0.8935 0.0268 0.0435
6 0.5861 0.0393 0.2152 0.0787
0 0.0291 0.6364 0.0154 0.0222
0 0.0543 0.6098 0.0095 0.0135
0 0.0697 0.6559 0.0104 0.0151
0 0.0086 0.6559 0.0082 0.0167
