6 0.5332 0.7696 0.1569 0.1704
6 0.5679 0.8922 0.1179 0.0865
6 0.5644 0.6413 0.1783 0.2029
6 0.2935 0.6266 0.194 0.1719
6 0.0513 0.5751 0.1022 0.1601
6 0.1342 0.5901 0.0661 0.101
6 0.4083 0.7042 0.1095 0.1542
6 0.7646 0.025 0.2613 0.05
6 0.9589 0.3708 0.0821 0.1708
6 0.5518 0.4219 0.2095 0.2333
0 0.5399 0.6073 0.0607 0.0479
0 0.4132 0.4991 0.0228 0.0273
6 0.3887 0.4589 0.1345 0.0927
6 0.0531 0.2439 0.1058 0.1164
6 0.0693 0.376 0.1125 0.0979
6 0.9536 0.8036 0.0929 0.1344
0 0.9619 0.8401 0.0321 0.026
6 0.8239 0.7335 0.1741 0.219
6 0.4771 0.0589 0.1554 0.1177
6 0.4787 0.0484 0.2521 0.0969
6 0.1574 0.138 0.3149 0.201
6 0.2252 0.0606 0.0505 0.0754
0 0.0872 0.5443 0.0161 0.0198
0 0.0488 0.5953 0.0095 0.0115
0 0.089 0.5641 0.0161 0.0177
0 0.6101 0.9438 0.0262 0.0333
0 0.6827 0.8979 0.0262 0.0396
0 0.636 0.813 0.028 0.0344
0 0.2708 0.6568 0.0631 0.0656
0 0.2861 0.7355 0.0805 0.0732
0 0.0622 0.6484 0.0137 0.0177
0 0.0438 0.65 0.0113 0.0188
0 0.0315 0.6365 0.0143 0.0188
0 0.3976 0.7917 0.0214 0.0375
0 0.461 0.8042 0.0137 0.0188
0 0.5786 0.9286 0.0083 0.024
0 0.3756 0.6938 0.0214 0.0208
0 0.1842 0.5896 0.0125 0.0167
0 0.1232 0.6172 0.0238 0.024
0 0.2551 0.6911 0.0149 0.0177
6 0.5714 0.8677 0.1 0.0708
6 0.6513 0.7308 0.08 0.1096
6 0.2033 0.6271 0.0708 0.1083
6 0.3137 0.4974 0.0679 0.0781
