0 0.4941 0.8296 0.0118 0.0224
6 0.4843 0.7516 0.1646 0.0868
0 0.0818 0.674 0.0124 0.0235
6 0.5449 0.7974 0.1688 0.1643
6 0.356 0.6797 0.1333 0.074
0 0.1491 0.6792 0.0232 0.0312
6 0.0765 0.1891 0.153 0.1948
6 0.4524 0.4219 0.2655 0.2208
6 0.4849 0.0896 0.1635 0.1792
6 0.3196 0.0948 0.0738 0.1
6 0.726 0.0583 0.3075 0.1167
6 0.8801 0.5047 0.2399 0.1885
6 0.9131 0.6849 0.1738 0.1802
6 0.325 0.4688 0.1881 0.0875
0 0.2643 0.6505 0.081 0.099
0 0.3107 0.663 0.0369 0.0552
0 0.3506 0.6719 0.0214 0.0312
0 0.3827 0.6734 0.0095 0.024
0 0.5049 0.6053 0.08 0.0981
6 0.5688 0.6302 0.1649 0.2042
0 0.6238 0.7578 0.0274 0.0677
0 0.6304 0.9438 0.0119 0.0312
0 0.6158 0.9208 0.0185 0.0333
6 0.5738 0.9042 0.0833 0.0917
0 0.0342 0.5292 0.0208 0.0271
0 0.1381 0.574 0.019 0.0188
0 0.1384 0.5505 0.0208 0.0177
0 0.0506 0.6135 0.0179 0.025
0 0.0807 0.6167 0.0137 0.025
0 0.2065 0.6214 0.0143 0.0198
6 0.2 0.6438 0.2631 0.175
6 0.1914 0.5776 0.0613 0.0823
6 0.1536 0.3604 0.075 0.1125
0 0.3488 0.4505 0.0119 0.0156
6 0.6988 0.6885 0.0821 0.1146
