0 0.6313 0.4842 0.0561 0.0908
0 0.6921 0.4939 0.0643 0.0755
0 0.2115 0.2969 0.1214 0.1061
0 0.377 0.2179 0.0913 0.0765
0 0.0697 0.4786 0.1226 0.098
0 0.1917 0.5674 0.0913 0.0796
0 0.1764 0.6908 0.2379 0.1408
0 0.3287 0.4715 0.0643 0.0959
0 0.3974 0.497 0.0543 0.0939
0 0.398 0.6235 0.0919 0.0999
0 0.4658 0.6638 0.111 0.1092
0 0.9306 0.626 0.1387 0.1724
9 0.9873 0.5184 0.0254 0.0531
0 0.5821 0.3929 0.0367 0.0694
0 0.6163 0.3714 0.0307 0.0735
0 0.5076 0.3362 0.0726 0.05
0 0.6789 0.1985 0.0789 0.0826
0 0.7238 0.297 0.1663 0.1224
0 0.8522 0.2801 0.0937 0.1316
0 0.9152 0.7628 0.0732 0.0827
0 0.7032 0.7326 0.0482 0.0939
0 0.5345 0.8459 0.0927 0.098
0 0.4682 0.9357 0.0908 0.0734
