3 0.4177 0.6498 0.365 0.7005
3 0.7146 0.5097 0.0454 0.0834
3 0.6513 0.5788 0.0304 0.1057
3 0.5811 0.7476 0.0354 0.0969
3 0.7881 0.7313 0.0418 0.0977
3 0.8363 0.5387 0.0854 0.054
3 0.7999 0.4247 0.0372 0.0628
3 0.8338 0.2956 0.0313 0.089
3 0.8433 0.0691 0.0413 0.1382
3 0.21 0.8569 0.0794 0.0898
3 0.2629 0.8155 0.0608 0.0993
3 0.3076 0.5546 0.0304 0.081
3 0.3187 0.2074 0.0182 0.0969
3 0.2944 0.2693 0.0286 0.1208
3 0.6458 0.1279 0.025 0.0858
3 0.4767 0.0775 0.0318 0.0993
3 0.6333 0.4135 0.0291 0.0691
3 0.1067 0.8521 0.0409 0.1263
3 0.5784 0.2479 0.0236 0.0636
