0 0.4941 0.8296 0.0118 0.0224
6 0.4843 0.7516 0.1646 0.0868
0 0.0818 0.674 0.0124 0.0235
6 0.5449 0.7974 0.1688 0.1643
6 0.4339 0.4182 0.2012 0.2156
6 0.5171 0.1138 0.1699 0.1671
6 0.3602 0.1173 0.0657 0.0742
6 0.0333 0.2641 0.0667 0.1198
6 0.0875 0.2172 0.1119 0.149
6 0.7238 0.112 0.325 0.224
6 0.8536 0.4719 0.2929 0.2292
6 0.9289 0.6776 0.1411 0.1802
6 0.7152 0.6818 0.0875 0.1094
6 0.5795 0.6344 0.1661 0.1896
0 0.6176 0.962 0.0185 0.0344
6 0.5785 0.9248 0.074 0.0941
6 0.1921 0.6272 0.2377 0.2023
6 0.2601 0.4761 0.1829 0.1017
6 0.2006 0.3771 0.1 0.1
0 0.6378 0.7292 0.022 0.0229
0 0.4652 0.5844 0.078 0.1062
0 0.5039 0.6464 0.0339 0.0406
0 0.322 0.6667 0.031 0.0562
0 0.3443 0.6396 0.0232 0.0292
0 0.3696 0.6391 0.0179 0.0177
0 0.0399 0.5526 0.0202 0.0198
6 0.356 0.6797 0.1333 0.074
0 0.0429 0.6656 0.0131 0.0229
0 0.0842 0.6396 0.0137 0.0208
0 0.1429 0.5812 0.0155 0.0271
0 0.1396 0.5323 0.0173 0.0208
0 0.3339 0.4599 0.0143 0.0135
0 0.1491 0.6792 0.0232 0.0312
0 0.0929 0.6042 0.0143 0.0229
0 0.6104 0.9115 0.0101 0.0271
0 0.264 0.6297 0.0768 0.0802
0 0.2214 0.6224 0.0107 0.024
