6 0.3855 0.4296 0.1936 0.2143
6 0.7205 0.6648 0.1068 0.1112
6 0.271 0.3781 0.0897 0.1276
6 0.186 0.2408 0.1133 0.1163
6 0.9236 0.6577 0.1529 0.1745
6 0.7355 0.4148 0.3282 0.2296
6 0.781 0.1464 0.3223 0.2929
6 0.5826 0.174 0.1641 0.1949
6 0.3521 0.0913 0.0821 0.101
6 0.0853 0.2429 0.0714 0.1
6 0.1901 0.474 0.1865 0.0888
6 0.5956 0.7158 0.1558 0.2031
6 0.4238 0.7255 0.1818 0.1204
6 0.1411 0.5709 0.1795 0.1745
6 0.5508 0.8357 0.1133 0.1735
0 0.5047 0.5985 0.0437 0.0622
0 0.2615 0.6199 0.0543 0.0765
0 0.312 0.6638 0.0242 0.0316
0 0.3126 0.6878 0.0584 0.0612
0 0.6272 0.9194 0.0183 0.0408
0 0.6145 0.9163 0.0106 0.0327
0 0.4799 0.8 0.0142 0.0245
0 0.1198 0.624 0.0153 0.0235
0 0.1865 0.6265 0.0083 0.0347
0 0.2031 0.6449 0.0177 0.0184
0 0.3657 0.6464 0.0112 0.0235
0 0.1243 0.5372 0.0136 0.0214
0 0.0812 0.6046 0.0159 0.0255
0 0.1066 0.6194 0.0124 0.0163
0 0.1585 0.5592 0.01 0.0163
0 0.1139 0.6709 0.0083 0.0214
0 0.059 0.5388 0.0083 0.0184
0 0.0549 0.6633 0.013 0.0265
0 0.335 0.5204 0.0183 0.0163
0 0.6364 0.8719 0.0094 0.0255
6 0.4737 0.6536 0.1352 0.0806
