6 0.5332 0.7696 0.1569 0.1704
6 0.0506 0.6188 0.1012 0.1562
6 0.4783 0.8073 0.2149 0.2083
6 0.1869 0.662 0.094 0.1365
6 0.189 0.638 0.078 0.0969
0 0.9218 0.9482 0.0468 0.0771
6 0.785 0.9648 0.0863 0.0704
6 0.9476 0.373 0.1047 0.1772
0 0.5189 0.9665 0.0109 0.0246
0 0.6574 0.7933 0.03 0.0405
6 0.6706 0.8414 0.1843 0.1811
6 0.7645 0.7977 0.2134 0.17
0 0.7493 0.8112 0.0186 0.0334
0 0.767 0.808 0.0213 0.0159
0 0.39 0.5522 0.0109 0.0111
6 0.2941 0.4998 0.1842 0.2274
6 0.5543 0.4739 0.2388 0.2455
6 0.0978 0.0922 0.0377 0.081
6 0.1621 0.0552 0.2561 0.1104
6 0.0243 0.4104 0.0486 0.0659
6 0.0611 0.2826 0.1221 0.1229
6 0.2729 0.1521 0.3305 0.2074
6 0.4628 0.0675 0.3945 0.1351
6 0.3612 0.4926 0.0758 0.1001
6 0.096 0.6253 0.0831 0.0953
0 0.0938 0.6018 0.0168 0.0167
0 0.0218 0.5236 0.0109 0.0143
0 0.0132 0.5613 0.0109 0.0151
0 0.0048 0.6475 0.0095 0.0175
0 0.0061 0.6717 0.0123 0.0199
0 0.2302 0.669 0.0281 0.0524
0 0.2919 0.7361 0.0754 0.0628
0 0.3183 0.7742 0.0191 0.0262
0 0.3314 0.7456 0.0127 0.0183
6 0.5868 0.6713 0.1857 0.1907
0 0.5359 0.6666 0.0468 0.0429
0 0.6313 0.9323 0.0059 0.0294
6 0.1589 0.5256 0.0799 0.0818
0 0.1927 0.719 0.015 0.0191
6 0.5813 0.7762 0.0876 0.0699
0 0.1078 0.6773 0.0222 0.031
0 0.0735 0.6817 0.0154 0.0175
6 0.5702 0.8884 0.0571 0.1004
6 0.3657 0.7194 0.1521 0.1692
