6 0.5332 0.7696 0.1569 0.1704
6 0.5679 0.8922 0.1179 0.0865
6 0.4795 0.0568 0.166 0.1135
6 0.6652 0.7208 0.0708 0.1271
6 0.5644 0.6413 0.1783 0.2029
0 0.4122 0.7932 0.0196 0.0385
0 0.1955 0.5917 0.0113 0.0167
0 0.0455 0.6286 0.0113 0.0177
6 0.2935 0.6266 0.194 0.1719
6 0.775 0.7589 0.1548 0.2385
6 0.1845 0.0444 0.0732 0.0887
6 0.5516 0.4184 0.252 0.2388
6 0.2006 0.1297 0.3202 0.201
6 0.7274 0.0245 0.2262 0.049
6 0.0513 0.5751 0.1022 0.1601
0 0.072 0.5286 0.0155 0.0281
0 0.0357 0.5771 0.0095 0.0167
0 0.0185 0.6188 0.0143 0.0188
0 0.0375 0.6651 0.0155 0.0198
0 0.3711 0.775 0.022 0.0375
0 0.2958 0.737 0.0821 0.0698
0 0.2682 0.649 0.0542 0.05
0 0.6774 0.8516 0.0298 0.0385
0 0.6432 0.8432 0.0232 0.0281
0 0.5518 0.9208 0.0095 0.025
0 0.5705 0.9016 0.0173 0.026
6 0.0452 0.3594 0.0905 0.1062
6 0.0583 0.2469 0.1167 0.1229
0 0.4208 0.5047 0.0226 0.0323
6 0.3557 0.0479 0.2161 0.0958
0 0.3711 0.7062 0.0149 0.025
6 0.1342 0.5901 0.0661 0.101
0 0.2586 0.6875 0.0196 0.0229
0 0.2414 0.6766 0.0196 0.024
0 0.4452 0.8 0.0131 0.0208
0 0.8982 0.8302 0.0369 0.0333
6 0.211 0.6359 0.0851 0.0969
6 0.9107 0.8073 0.1786 0.1792
6 0.4083 0.7042 0.1095 0.1542
0 0.5396 0.6141 0.0577 0.051
6 0.3887 0.4583 0.1071 0.0896
0 0.1589 0.5786 0.006 0.0135
6 0.6167 0.7536 0.0833 0.0552
6 0.5696 0.8547 0.0964 0.051
6 0.2702 0.4958 0.0714 0.0833
