6 0.0506 0.6188 0.1012 0.1562
0 0.4768 0.8573 0.0119 0.0271
6 0.4454 0.9115 0.1889 0.1769
6 0.8635 0.3105 0.2471 0.2189
6 0.8534 0.0731 0.2931 0.1462
6 0.5255 0.4902 0.2393 0.2447
0 0.6783 0.5756 0.01 0.0485
6 0.3192 0.7254 0.1571 0.1748
6 0.052 0.2912 0.104 0.12
6 0.2436 0.0997 0.4054 0.1994
6 0.0209 0.1124 0.0418 0.093
0 0.6494 0.9145 0.0386 0.0747
0 0.8474 0.9636 0.0549 0.0728
6 0.5738 0.6491 0.2488 0.1923
0 0.6438 0.7575 0.03 0.0262
0 0.5264 0.7345 0.064 0.0771
0 0.1167 0.6412 0.0227 0.027
0 0.3423 0.5252 0.0182 0.0334
6 0.252 0.489 0.197 0.2105
0 0.2604 0.7615 0.0667 0.0787
0 0.2933 0.7492 0.0236 0.035
6 0.4131 0.0449 0.1707 0.0866
6 0.3627 0.1382 0.2724 0.2002
6 0.5591 0.8497 0.1693 0.1931
0 0.4681 0.9264 0.0109 0.0286
0 0.1662 0.6404 0.0436 0.0588
0 0.1512 0.6924 0.0173 0.0199
0 0.0636 0.6837 0.0145 0.0167
0 0.0602 0.6324 0.0222 0.0286
6 0.6186 0.7925 0.1884 0.1104
0 0.1796 0.7389 0.0304 0.0254
6 0.133 0.6713 0.0554 0.0858
6 0.0688 0.5383 0.0876 0.0818
