6 0.7341 0.125 0.3276 0.25
0 0.3232 0.6724 0.0384 0.0592
0 0.3687 0.6362 0.0136 0.0214
0 0.3403 0.6454 0.0148 0.0235
0 0.4941 0.8296 0.0118 0.0224
0 0.0865 0.674 0.0124 0.0214
6 0.938 0.6673 0.124 0.1837
6 0.4135 0.6673 0.1446 0.0878
6 0.2332 0.3806 0.0638 0.1224
6 0.0083 0.2776 0.0165 0.0449
6 0.0744 0.2184 0.0638 0.0898
0 0.6396 0.9617 0.0124 0.0459
0 0.6154 0.9327 0.0136 0.0327
6 0.5394 0.1464 0.1602 0.2092
6 0.2317 0.4816 0.1871 0.0878
0 0.2922 0.6934 0.0165 0.0255
0 0.1653 0.6546 0.0153 0.0357
0 0.443 0.5597 0.0537 0.0888
0 0.469 0.5684 0.0277 0.0837
6 0.1558 0.5959 0.1558 0.198
0 0.1496 0.5337 0.0065 0.0163
0 0.0387 0.5607 0.0089 0.0398
0 0.2535 0.6301 0.0797 0.0622
0 0.621 0.7745 0.0283 0.0204
6 0.5865 0.7878 0.0915 0.1265
6 0.5489 0.8199 0.1273 0.1643
6 0.3999 0.4102 0.2178 0.2143
6 0.6987 0.6735 0.1283 0.1143
6 0.4411 0.7281 0.1632 0.1051
0 0.1255 0.5403 0.0146 0.0255
0 0.0921 0.6046 0.0142 0.0194
0 0.1077 0.6209 0.0124 0.0173
6 0.5795 0.6597 0.1673 0.1765
6 0.8081 0.4521 0.3837 0.2368
6 0.3587 0.1087 0.0665 0.0908
