6 0.3855 0.4296 0.1936 0.2143
6 0.7255 0.3934 0.2987 0.2296
6 0.9327 0.6556 0.1346 0.1786
6 0.7205 0.6648 0.1068 0.1112
6 0.1798 0.4679 0.1765 0.1031
6 0.271 0.3781 0.0897 0.1276
6 0.348 0.0765 0.0939 0.1041
6 0.6204 0.176 0.1476 0.1847
6 0.7878 0.151 0.3229 0.302
6 0.0877 0.2255 0.0903 0.1224
6 0.186 0.2408 0.1133 0.1163
6 0.4138 0.7173 0.1677 0.1143
6 0.5779 0.726 0.1983 0.1949
6 0.5614 0.8551 0.1251 0.1898
0 0.271 0.6179 0.039 0.0643
0 0.3049 0.6878 0.0667 0.0653
0 0.4876 0.5893 0.0519 0.048
0 0.2999 0.652 0.0224 0.0347
0 0.6266 0.9204 0.0171 0.0347
0 0.6172 0.9051 0.0112 0.0306
0 0.0797 0.602 0.0142 0.0184
0 0.1266 0.6153 0.0136 0.0204
0 0.1296 0.5276 0.0136 0.0204
0 0.0661 0.5398 0.0106 0.0224
0 0.1101 0.6653 0.0136 0.0224
0 0.2011 0.6168 0.0169 0.0357
0 0.4737 0.7918 0.0195 0.0204
0 0.3731 0.6423 0.0083 0.0235
0 0.3247 0.5301 0.0224 0.0112
0 0.0493 0.649 0.0112 0.0286
0 0.6364 0.9087 0.0165 0.0133
6 0.5003 0.6571 0.1222 0.0571
0 0.1539 0.5672 0.0101 0.0156
0 0.1988 0.6495 0.0143 0.0177
0 0.1048 0.6156 0.0131 0.0208
6 0.1434 0.5599 0.1789 0.1827
