6 0.5332 0.7696 0.1569 0.1704
6 0.0506 0.6188 0.1012 0.1562
6 0.1083 0.6177 0.069 0.0979
6 0.5646 0.8688 0.0815 0.0979
6 0.4783 0.8073 0.2149 0.2083
6 0.1869 0.662 0.094 0.1365
6 0.189 0.638 0.078 0.0969
6 0.8426 0.9615 0.0958 0.0771
6 0.857 0.7991 0.1949 0.1732
0 0.2943 0.7276 0.0827 0.0615
0 0.2658 0.6495 0.0411 0.0573
0 0.4143 0.5359 0.0179 0.0323
6 0.2589 0.138 0.2893 0.201
6 0.0616 0.2615 0.1232 0.1208
6 0.0396 0.3714 0.0792 0.1031
6 0.3146 0.5229 0.1911 0.2271
6 0.5509 0.4385 0.2673 0.2438
6 0.5845 0.0365 0.3786 0.0729
6 0.2717 0.0526 0.2435 0.1052
6 0.5637 0.6516 0.244 0.1969
6 0.739 0.7927 0.1542 0.2333
0 0.9777 0.9552 0.0446 0.0688
0 0.3491 0.7693 0.0149 0.0385
6 0.3732 0.7141 0.1405 0.1573
0 0.4768 0.8573 0.0119 0.0271
0 0.4295 0.8125 0.0125 0.0167
0 0.0542 0.5151 0.0143 0.0177
0 0.1223 0.587 0.0137 0.0156
0 0.0199 0.5724 0.0161 0.0135
0 0.0256 0.638 0.0131 0.0156
0 0.0289 0.6734 0.0161 0.0198
0 0.006 0.6229 0.0119 0.0208
0 0.3565 0.7312 0.0083 0.0208
0 0.6771 0.8151 0.0375 0.0427
0 0.8304 0.8141 0.0333 0.0156
0 0.8321 0.7932 0.031 0.0156
0 0.0521 0.5443 0.0113 0.0177
6 0.3723 0.4656 0.0994 0.0833
0 0.5435 0.6354 0.0702 0.0625
0 0.2289 0.6849 0.0149 0.024
6 0.4301 0.0531 0.1125 0.1062
0 0.5307 0.9359 0.0125 0.026
6 0.6033 0.7641 0.097 0.0677
6 0.1458 0.0542 0.05 0.0979
0 0.6491 0.8854 0.028 0.0146
