0 0.4941 0.8296 0.0118 0.0224
6 0.7155 0.6847 0.0838 0.1061
6 0.3374 0.6617 0.1164 0.0663
6 0.4843 0.7516 0.1646 0.0868
6 0.5783 0.9209 0.074 0.0868
0 0.1432 0.5888 0.0171 0.0204
0 0.0818 0.674 0.0124 0.0235
6 0.5449 0.7974 0.1688 0.1643
6 0.8747 0.4766 0.2506 0.2365
6 0.922 0.6791 0.156 0.1831
6 0.1804 0.3672 0.0702 0.1031
6 0.3372 0.1026 0.0696 0.1073
6 0.4982 0.0991 0.1679 0.1981
6 0.7145 0.0799 0.3235 0.1598
6 0.2944 0.4707 0.1829 0.1017
6 0.4533 0.4208 0.2208 0.2229
6 0.1881 0.6365 0.2452 0.1833
6 0.0604 0.2146 0.1208 0.1833
6 0.5771 0.6323 0.1696 0.2062
0 0.5726 0.701 0.0464 0.0521
0 0.6423 0.9589 0.0143 0.0302
0 0.6018 0.9047 0.0131 0.0323
0 0.6271 0.7255 0.0089 0.024
0 0.1446 0.6823 0.0214 0.0333
0 0.1384 0.5479 0.0137 0.0208
0 0.0396 0.537 0.0208 0.0219
0 0.0506 0.6635 0.0131 0.0208
0 0.0574 0.625 0.0113 0.025
0 0.3851 0.6521 0.0179 0.0229
0 0.3539 0.6594 0.0208 0.0333
0 0.3173 0.6698 0.031 0.0521
0 0.261 0.6411 0.0827 0.0865
0 0.0878 0.6135 0.0173 0.0292
0 0.4872 0.5984 0.0768 0.0969
0 0.336 0.4521 0.0137 0.0167
