6 0.5332 0.7696 0.1569 0.1704
6 0.4696 0.7922 0.05 0.1094
6 0.5679 0.8922 0.1179 0.0865
6 0.8479 0.7052 0.1804 0.2208
6 0.9699 0.399 0.0601 0.1708
6 0.5381 0.0385 0.2298 0.0771
6 0.4795 0.0568 0.166 0.1135
6 0.2381 0.0641 0.069 0.1031
6 0.147 0.1479 0.2786 0.2146
6 0.047 0.2427 0.094 0.1062
6 0.5352 0.423 0.2061 0.2294
6 0.6652 0.7208 0.0708 0.1271
0 0.2717 0.712 0.0887 0.0885
0 0.2756 0.6536 0.0488 0.0573
0 0.3676 0.688 0.0196 0.024
0 0.4048 0.7896 0.0286 0.0458
0 0.4027 0.4984 0.0244 0.0219
6 0.3732 0.474 0.1429 0.1146
0 0.5369 0.6068 0.0655 0.0594
6 0.5644 0.6413 0.1783 0.2029
0 0.0077 0.6417 0.0107 0.0208
0 0.0286 0.6359 0.0167 0.0177
0 0.0717 0.6557 0.0113 0.0219
0 0.1009 0.5312 0.0161 0.0188
0 0.0857 0.5667 0.0155 0.0188
0 0.1926 0.5953 0.0089 0.0177
0 0.5783 0.9281 0.0256 0.0292
0 0.6185 0.8068 0.0274 0.024
0 0.5943 0.9307 0.0077 0.0281
0 0.0479 0.6109 0.0101 0.0135
0 0.0426 0.6302 0.0137 0.0208
6 0.0875 0.3615 0.0988 0.1146
6 0.3025 0.6064 0.2015 0.1711
6 0.073 0.5814 0.146 0.1731
6 0.1482 0.562 0.0452 0.099
6 0.2033 0.625 0.1327 0.0958
0 0.6776 0.895 0.0277 0.0437
