0 0.4941 0.8296 0.0118 0.0224
6 0.4843 0.7516 0.1646 0.0868
6 0.5449 0.7974 0.1688 0.1643
6 0.5688 0.6302 0.1649 0.2042
6 0.6988 0.6885 0.0821 0.1146
6 0.1859 0.5788 0.0549 0.0707
0 0.6447 0.8096 0.0263 0.0604
0 0.6261 0.9157 0.0191 0.0262
0 0.6213 0.9375 0.0123 0.0222
6 0.8971 0.6884 0.1798 0.1835
6 0.9018 0.5001 0.1964 0.1756
6 0.481 0.0849 0.1635 0.1619
6 0.3052 0.1007 0.0747 0.0933
6 0.0833 0.1851 0.1666 0.1891
6 0.1413 0.3713 0.08 0.1228
6 0.7205 0.0465 0.3205 0.093
6 0.4601 0.4215 0.2892 0.2264
6 0.5698 0.9025 0.089 0.0906
0 0.5204 0.6115 0.0852 0.1007
6 0.3394 0.4699 0.1939 0.1168
0 0.0242 0.5416 0.0157 0.0281
6 0.2092 0.6446 0.2423 0.1689
0 0.0455 0.6134 0.0157 0.0223
0 0.0763 0.6721 0.0118 0.0175
0 0.0722 0.6086 0.0137 0.0176
0 0.0729 0.6257 0.0132 0.0167
0 0.3557 0.4576 0.015 0.0127
0 0.131 0.5463 0.016 0.0169
0 0.1281 0.5639 0.0166 0.0171
0 0.1391 0.6809 0.0195 0.0318
0 0.2624 0.6595 0.0771 0.0971
0 0.304 0.6552 0.0388 0.052
0 0.3718 0.6777 0.0118 0.0191
0 0.3407 0.6773 0.0186 0.0326
0 0.2034 0.6176 0.0127 0.0181
6 0.1026 0.6094 0.1017 0.1398
