6 0.5516 0.6371 0.1532 0.195
6 0.1607 0.5583 0.0464 0.0875
0 0.4223 0.7917 0.0161 0.0458
6 0.8845 0.6917 0.1726 0.1833
6 0.9211 0.4823 0.1577 0.1646
6 0.7196 0.0354 0.3238 0.0708
6 0.4791 0.0715 0.1728 0.1424
6 0.292 0.0844 0.0744 0.0854
6 0.0905 0.1802 0.181 0.1938
6 0.0387 0.2589 0.0774 0.049
6 0.1243 0.3782 0.0903 0.1105
6 0.469 0.4245 0.2857 0.226
6 0.6756 0.7026 0.094 0.1198
0 0.6601 0.8453 0.0262 0.0531
6 0.5332 0.7696 0.1569 0.1704
6 0.4696 0.7922 0.05 0.1094
6 0.5679 0.8922 0.1179 0.0865
0 0.6278 0.9069 0.0206 0.03
0 0.6006 0.9359 0.0143 0.0323
0 0.3351 0.6807 0.0214 0.0302
0 0.3571 0.4599 0.0238 0.0156
0 0.3015 0.6521 0.0304 0.05
0 0.2604 0.6714 0.0804 0.0948
0 0.1976 0.6083 0.0119 0.0146
0 0.119 0.5422 0.0143 0.0156
0 0.0696 0.6052 0.0155 0.0188
0 0.0699 0.624 0.0173 0.0188
0 0.0417 0.6135 0.0167 0.0208
0 0.0167 0.5531 0.019 0.0229
0 0.122 0.5641 0.0131 0.0198
6 0.2414 0.6495 0.2304 0.1802
6 0.087 0.5975 0.1176 0.1404
0 0.0732 0.6667 0.0143 0.0208
0 0.6048 0.7432 0.0119 0.0427
0 0.5211 0.6083 0.0756 0.0562
0 0.3637 0.674 0.0143 0.0188
6 0.3333 0.4641 0.1774 0.0885
