0 0.4842 0.6523 0.1639 0.1096
0 0.7398 0.5724 0.1548 0.1295
0 0.9356 0.3651 0.1288 0.1422
0 0.6472 0.3909 0.2093 0.1239
0 0.3739 0.489 0.2229 0.1247
0 0.2819 0.5319 0.1707 0.1025
0 0.6397 0.4882 0.1852 0.093
0 0.4556 0.2809 0.1748 0.1136
0 0.2322 0.1847 0.2238 0.139
0 0.3312 0.0604 0.1902 0.1144
0 0.037 0.5109 0.074 0.0874
0 0.0638 0.3484 0.1276 0.112
0 0.0663 0.2022 0.1326 0.1231
0 0.0876 0.4799 0.1752 0.1144
0 0.1226 0.4306 0.1598 0.0604
0 0.081 0.3182 0.1466 0.112
0 0.6513 0.1895 0.1566 0.1088
0 0.6531 0.0322 0.133 0.0644
0 0.7988 0.0938 0.1239 0.089
0 0.9055 0.0314 0.0967 0.0628
0 0.966 0.0727 0.0679 0.1454
0 0.715 0.3392 0.1289 0.0763
0 0.9511 0.282 0.0844 0.0938
0 0.9597 0.1843 0.0499 0.0604
0 0.8626 0.2209 0.1244 0.116
0 0.8449 0.2296 0.1326 0.0826
0 0.8694 0.2503 0.0808 0.0763
0 0.9166 0.1208 0.0754 0.0794
